time	V(n004)
0.000000000000000e+000	1.128963e-005
8.325714467056451e-009	1.294040e-005
1.665142893411290e-008	1.432255e-005
2.497714340116935e-008	1.543610e-005
3.330285786822581e-008	1.628103e-005
4.162857233528226e-008	1.685735e-005
4.995428680233871e-008	1.716505e-005
5.828000126939514e-008	1.720415e-005
9.498866615803362e-008	1.603014e-005
1.303021590344984e-007	1.355432e-005
1.734691021528921e-007	1.098888e-005
2.873539324279240e-007	9.525486e-006
3.970315665655767e-007	9.205120e-006
6.163868348408820e-007	8.183923e-006
9.085021225199651e-007	7.447059e-006
1.200798170746581e-006	7.961919e-006
1.524181156824100e-006	1.053987e-005
1.888420560619025e-006	1.681384e-005
2.335892985108395e-006	3.064153e-005
2.883020931667066e-006	5.794609e-005
3.437946354984072e-006	1.007760e-004
4.151107577188789e-006	1.846400e-004
5.113367807436057e-006	3.567347e-004
6.381451380055195e-006	6.938017e-004
7.699920119144737e-006	1.197328e-003
9.122771681644737e-006	1.941035e-003
1.054562324414474e-005	2.880346e-003
1.133863218930446e-005	3.507581e-003
1.223172956083878e-005	4.316605e-003
1.305339501101650e-005	5.151740e-003
1.438968849066991e-005	6.674875e-003
1.581254005316991e-005	8.478449e-003
1.723539161566991e-005	1.046326e-002
1.865824317816991e-005	1.259981e-002
2.008109474066991e-005	1.484872e-002
2.150394630316991e-005	1.716543e-002
2.292679786566991e-005	1.950165e-002
2.434964942816991e-005	2.180712e-002
2.577250099066991e-005	2.403121e-002
2.719535255316991e-005	2.612477e-002
2.861820411566991e-005	2.804171e-002
3.004105567816991e-005	2.974063e-002
3.146390724066991e-005	3.118624e-002
3.288675880316991e-005	3.235057e-002
3.430961036566991e-005	3.323520e-002
3.534782360772081e-005	3.369462e-002
3.612809419027952e-005	3.391723e-002
3.691794298804134e-005	3.402721e-002
3.807307241304609e-005	3.400707e-002
3.949592397554609e-005	3.373668e-002
4.091877553804609e-005	3.320813e-002
4.234162710054609e-005	3.243788e-002
4.376447866304609e-005	3.146365e-002
4.518733022554609e-005	3.032888e-002
4.661018178804609e-005	2.908126e-002
4.803303335054609e-005	2.777112e-002
4.945588491304609e-005	2.644970e-002
5.087873647554609e-005	2.516744e-002
5.230158803804609e-005	2.397227e-002
5.372443960054609e-005	2.290799e-002
5.514729116304609e-005	2.201279e-002
5.657014272554609e-005	2.131795e-002
5.799299428804609e-005	2.084680e-002
5.941584585054609e-005	2.058434e-002
6.015208397843068e-005	2.054758e-002
6.102397008550279e-005	2.061370e-002
6.214869993909089e-005	2.083625e-002
6.357155150159089e-005	2.130925e-002
6.499440306409089e-005	2.197656e-002
6.641725462659089e-005	2.282120e-002
6.784010618909089e-005	2.380682e-002
6.926295775159089e-005	2.489131e-002
7.068580931409089e-005	2.602827e-002
7.210866087659089e-005	2.716859e-002
7.353151243909089e-005	2.826216e-002
7.495436400159089e-005	2.925960e-002
7.637721556409089e-005	3.011398e-002
7.780006712659089e-005	3.078243e-002
7.922291868909089e-005	3.122764e-002
8.064577025159089e-005	3.141914e-002
8.206862181409089e-005	3.133441e-002
8.349147337659089e-005	3.099215e-002
8.428906518771057e-005	3.066840e-002
8.517200929337185e-005	3.017390e-002
8.629263755147625e-005	2.937838e-002
8.771548911397625e-005	2.813537e-002
8.913834067647625e-005	2.665349e-002
9.056119223897625e-005	2.494822e-002
9.198404380147625e-005	2.305721e-002
9.340689536397625e-005	2.102389e-002
9.482974692647625e-005	1.889599e-002
9.625259848897625e-005	1.672400e-002
9.767545005147625e-005	1.455939e-002
9.909830161397625e-005	1.245294e-002
1.005211531764763e-004	1.045300e-002
1.019440047389763e-004	8.603850e-003
1.033668563014763e-004	6.944248e-003
1.047897078639763e-004	5.506099e-003
1.062125594264763e-004	4.313405e-003
1.076354109889763e-004	3.352316e-003
1.084412807819059e-004	2.928753e-003
1.093257155675472e-004	2.587955e-003
1.104457908235666e-004	2.309404e-003
1.118686423860666e-004	2.167411e-003
1.132914939485666e-004	2.241900e-003
1.147143455110666e-004	2.517432e-003
1.161371970735666e-004	2.957741e-003
1.175600486360666e-004	3.520768e-003
1.189829001985666e-004	4.160121e-003
1.204057517610666e-004	4.826682e-003
1.218286033235666e-004	5.470299e-003
1.232514548860665e-004	6.041528e-003
1.246743064485665e-004	6.493337e-003
1.260971580110665e-004	6.782735e-003
1.275200095735665e-004	6.872260e-003
1.289428611360665e-004	6.731276e-003
1.303657126985665e-004	6.337044e-003
1.317885642610665e-004	5.705142e-003
1.325955501379041e-004	5.223204e-003
1.334801858853469e-004	4.568595e-003
1.346001865883977e-004	3.584636e-003
1.360230381508977e-004	2.120496e-003
1.374458897133977e-004	4.383341e-004
1.388687412758977e-004	-1.445415e-003
1.402915928383977e-004	-3.493327e-003
1.417144444008977e-004	-5.662201e-003
1.431372959633977e-004	-7.904519e-003
1.445601475258977e-004	-1.017006e-002
1.459829990883976e-004	-1.240757e-002
1.474058506508976e-004	-1.456656e-002
1.488287022133976e-004	-1.659893e-002
1.502515537758976e-004	-1.846067e-002
1.516744053383976e-004	-2.011329e-002
1.530972569008976e-004	-2.152519e-002
1.545201084633976e-004	-2.267265e-002
1.559429600258975e-004	-2.357173e-002
1.567500963674904e-004	-2.395239e-002
1.576347592072254e-004	-2.423705e-002
1.587547498595278e-004	-2.443384e-002
1.601776014220278e-004	-2.445692e-002
1.616004529845277e-004	-2.424707e-002
1.630233045470277e-004	-2.381911e-002
1.644461561095277e-004	-2.320965e-002
1.658690076720277e-004	-2.246110e-002
1.672918592345277e-004	-2.162020e-002
1.687147107970277e-004	-2.073644e-002
1.701375623595277e-004	-1.986034e-002
1.715604139220276e-004	-1.904171e-002
1.729832654845276e-004	-1.832795e-002
1.744061170470276e-004	-1.776244e-002
1.758289686095276e-004	-1.738302e-002
1.772518201720276e-004	-1.722070e-002
1.786746717345276e-004	-1.729862e-002
1.800975232970276e-004	-1.760291e-002
1.809046799233029e-004	-1.789351e-002
1.817893464154386e-004	-1.833277e-002
1.829093357127661e-004	-1.903722e-002
1.843321872752662e-004	-2.013659e-002
1.857550388377661e-004	-2.144353e-002
1.871778904002661e-004	-2.294140e-002
1.886007419627661e-004	-2.459317e-002
1.900235935252661e-004	-2.635602e-002
1.914464450877661e-004	-2.818283e-002
1.928692966502661e-004	-3.002379e-002
1.942921482127661e-004	-3.182804e-002
1.957149997752660e-004	-3.354547e-002
1.971378513377660e-004	-3.512839e-002
1.985607029002660e-004	-3.653317e-002
1.999835544627660e-004	-3.772174e-002
2.014064060252660e-004	-3.866285e-002
2.028292575877660e-004	-3.933319e-002
2.042521091502660e-004	-3.974981e-002
2.050592685111868e-004	-3.985422e-002
2.059439354957146e-004	-3.983360e-002
2.070639246103735e-004	-3.964097e-002
2.084867761728736e-004	-3.916531e-002
2.099096277353735e-004	-3.845254e-002
2.113324792978735e-004	-3.751761e-002
2.127553308603735e-004	-3.639749e-002
2.141781824228735e-004	-3.513496e-002
2.156010339853735e-004	-3.377714e-002
2.170238855478735e-004	-3.237386e-002
2.184467371103735e-004	-3.097599e-002
2.198695886728735e-004	-2.963371e-002
2.212924402353734e-004	-2.839477e-002
2.227152917978734e-004	-2.730288e-002
2.241381433603734e-004	-2.639623e-002
2.255609949228734e-004	-2.570616e-002
2.269838464853734e-004	-2.525614e-002
2.284066980478734e-004	-2.503256e-002
2.292138577774608e-004	-2.502389e-002
2.300985248283697e-004	-2.513540e-002
2.312185139184024e-004	-2.542546e-002
2.326413654809024e-004	-2.599935e-002
2.340642170434024e-004	-2.678215e-002
2.354870686059024e-004	-2.775754e-002
2.369099201684024e-004	-2.888880e-002
2.383327717309024e-004	-3.013341e-002
2.397556232934024e-004	-3.144452e-002
2.411784748559024e-004	-3.277259e-002
2.426013264184024e-004	-3.406703e-002
2.440241779809023e-004	-3.527801e-002
2.454470295434023e-004	-3.635809e-002
2.468698811059023e-004	-3.726390e-002
2.482927326684023e-004	-3.795759e-002
2.497155842309023e-004	-3.840818e-002
2.511384357934023e-004	-3.859258e-002
2.525612873559023e-004	-3.852752e-002
2.533684471351908e-004	-3.836092e-002
2.542531141950487e-004	-3.804566e-002
2.553731032817615e-004	-3.748313e-002
2.567959548442615e-004	-3.654221e-002
2.582188064067615e-004	-3.536957e-002
2.596416579692615e-004	-3.398060e-002
2.610645095317614e-004	-3.241249e-002
2.624873610942614e-004	-3.070818e-002
2.639102126567614e-004	-2.891498e-002
2.653330642192614e-004	-2.708288e-002
2.667559157817614e-004	-2.526293e-002
2.681787673442614e-004	-2.350544e-002
2.696016189067614e-004	-2.185834e-002
2.710244704692613e-004	-2.036546e-002
2.724473220317613e-004	-1.906513e-002
2.738701735942613e-004	-1.798884e-002
2.752930251567613e-004	-1.716017e-002
2.767158767192613e-004	-1.656478e-002
2.775230365052503e-004	-1.634870e-002
2.784077035663147e-004	-1.623653e-002
2.795276926525799e-004	-1.624805e-002
2.809505442150799e-004	-1.647494e-002
2.823733957775799e-004	-1.691840e-002
2.837962473400799e-004	-1.756265e-002
2.852190989025799e-004	-1.837102e-002
2.866419504650799e-004	-1.930108e-002
2.880648020275799e-004	-2.030606e-002
2.894876535900799e-004	-2.133647e-002
2.909105051525798e-004	-2.234178e-002
2.923333567150798e-004	-2.327221e-002
2.937562082775798e-004	-2.408036e-002
2.951790598400798e-004	-2.472290e-002
2.966019114025798e-004	-2.516202e-002
2.980247629650798e-004	-2.536678e-002
2.994476145275798e-004	-2.531409e-002
3.008704660900797e-004	-2.501974e-002
3.016776258769720e-004	-2.472704e-002
3.025622929381990e-004	-2.427763e-002
3.036822820244039e-004	-2.355042e-002
3.051051335869039e-004	-2.240779e-002
3.065279851494039e-004	-2.104173e-002
3.079508367119038e-004	-1.946812e-002
3.093736882744038e-004	-1.772411e-002
3.107965398369038e-004	-1.585266e-002
3.122193913994038e-004	-1.390102e-002
3.136422429619038e-004	-1.191917e-002
3.150650945244038e-004	-9.958121e-003
3.164879460869038e-004	-8.068158e-003
3.179107976494038e-004	-6.297142e-003
3.193336492119037e-004	-4.688885e-003
3.207565007744037e-004	-3.281655e-003
3.221793523369037e-004	-2.106883e-003
3.236022038994037e-004	-1.188092e-003
3.250250554619037e-004	-5.099989e-004
3.258322152489177e-004	-2.507330e-004
3.267168823101666e-004	-9.502414e-005
3.278368713963634e-004	-5.619632e-005
3.292597229588633e-004	-2.259942e-004
3.306825745213633e-004	-6.199523e-004
3.321054260838633e-004	-1.222628e-003
3.335282776463633e-004	-1.997283e-003
3.349511292088633e-004	-2.901387e-003
3.363739807713633e-004	-3.888082e-003
3.377968323338633e-004	-4.907782e-003
3.392196838963632e-004	-5.909878e-003
3.406425354588632e-004	-6.844466e-003
3.420653870213632e-004	-7.664062e-003
3.434882385838632e-004	-8.325225e-003
3.449110901463632e-004	-8.790048e-003
3.463339417088632e-004	-9.027457e-003
3.477567932713632e-004	-9.014276e-003
3.491796448338631e-004	-8.765463e-003
3.499868046208937e-004	-8.501609e-003
3.508714716821455e-004	-8.086846e-003
3.519914607683412e-004	-7.407279e-003
3.534143123308412e-004	-6.330589e-003
3.548371638933412e-004	-5.036398e-003
3.562600154558412e-004	-3.540800e-003
3.576828670183411e-004	-1.880828e-003
3.591057185808411e-004	-9.929523e-005
3.605285701433411e-004	1.756660e-003
3.619514217058411e-004	3.637183e-003
3.633742732683411e-004	5.491402e-003
3.647971248308411e-004	7.269161e-003
3.662199763933411e-004	8.922729e-003
3.676428279558410e-004	1.040843e-002
3.690656795183410e-004	1.168812e-002
3.704885310808410e-004	1.273052e-002
3.719113826433410e-004	1.351223e-002
3.733342342058410e-004	1.404914e-002
3.741413939928737e-004	1.422629e-002
3.750260610541260e-004	1.428998e-002
3.761460501403215e-004	1.420983e-002
3.775689017028215e-004	1.388535e-002
3.789917532653215e-004	1.333291e-002
3.804146048278214e-004	1.256785e-002
3.818374563903214e-004	1.162706e-002
3.832603079528214e-004	1.055321e-002
3.846831595153214e-004	9.393275e-003
3.861060110778214e-004	8.196994e-003
3.875288626403214e-004	7.015108e-003
3.889517142028214e-004	5.897655e-003
3.903745657653213e-004	4.892257e-003
3.917974173278213e-004	4.042488e-003
3.932202688903213e-004	3.386389e-003
3.946431204528213e-004	2.955169e-003
3.960659720153213e-004	2.772136e-003
3.974888235778213e-004	2.822692e-003
3.982959833648543e-004	2.973093e-003
3.991806504261067e-004	3.262547e-003
4.003006395123021e-004	3.782330e-003
4.017234910748021e-004	4.654447e-003
4.031463426373021e-004	5.742413e-003
4.045691941998021e-004	7.030160e-003
4.059920457623021e-004	8.480779e-003
4.074148973248021e-004	1.005158e-002
4.088377488873021e-004	1.169555e-002
4.102606004498020e-004	1.336296e-002
4.116834520123020e-004	1.500306e-002
4.131063035748020e-004	1.656581e-002
4.145291551373020e-004	1.800359e-002
4.159520066998020e-004	1.927285e-002
4.173748582623020e-004	2.033557e-002
4.187977098248020e-004	2.116056e-002
4.202205613873020e-004	2.172454e-002
4.216434129498019e-004	2.204354e-002
4.224505727368350e-004	2.209701e-002
4.233352397980873e-004	2.202513e-002
4.244552288842828e-004	2.177337e-002
4.258780804467828e-004	2.123100e-002
4.273009320092828e-004	2.046087e-002
4.287237835717828e-004	1.947845e-002
4.301466351342827e-004	1.832072e-002
4.315694866967827e-004	1.703043e-002
4.329923382592827e-004	1.565468e-002
4.344151898217827e-004	1.424329e-002
4.358380413842827e-004	1.284708e-002
4.372608929467827e-004	1.151620e-002
4.386837445092827e-004	1.029835e-002
4.401065960717827e-004	9.237188e-003
4.415294476342826e-004	8.370841e-003
4.429522991967826e-004	7.730600e-003
4.443751507592826e-004	7.339854e-003
4.457980023217826e-004	7.183920e-003
4.466051621088157e-004	7.217833e-003
4.474898291700680e-004	7.380307e-003
4.486098182562635e-004	7.740249e-003
4.500326698187635e-004	8.410682e-003
4.514555213812634e-004	9.298556e-003
4.528783729437634e-004	1.038795e-002
4.543012245062634e-004	1.164202e-002
4.557240760687634e-004	1.301815e-002
4.571469276312634e-004	1.446938e-002
4.585697791937634e-004	1.594603e-002
4.599926307562634e-004	1.739742e-002
4.614154823187633e-004	1.877356e-002
4.628383338812633e-004	2.002689e-002
4.642611854437633e-004	2.111391e-002
4.656840370062633e-004	2.199663e-002
4.671068885687633e-004	2.264393e-002
4.685297401312633e-004	2.303257e-002
4.699525916937633e-004	2.317834e-002
4.707597514807963e-004	2.313464e-002
4.716444185420487e-004	2.295738e-002
4.727644076282442e-004	2.257368e-002
4.741872591907442e-004	2.186581e-002
4.756101107532442e-004	2.093260e-002
4.770329623157441e-004	1.978967e-002
4.784558138782441e-004	1.847402e-002
4.798786654407441e-004	1.702844e-002
4.813015170032441e-004	1.550005e-002
4.827243685657441e-004	1.393870e-002
4.841472201282441e-004	1.239525e-002
4.855700716907441e-004	1.091983e-002
4.869929232532440e-004	9.560189e-003
4.884157748157441e-004	8.359995e-003
4.898386263782441e-004	7.357392e-003
4.912614779407442e-004	6.583681e-003
4.926843295032442e-004	6.062265e-003
4.941071810657442e-004	5.778166e-003
4.949143408527772e-004	5.740648e-003
4.957990079140295e-004	5.826137e-003
4.969189970002251e-004	6.090272e-003
4.983418485627251e-004	6.641402e-003
4.997647001252251e-004	7.412656e-003
5.011875516877252e-004	8.388265e-003
5.026104032502252e-004	9.531390e-003
5.040332548127253e-004	1.079940e-002
5.054561063752253e-004	1.214535e-002
5.068789579377253e-004	1.351955e-002
5.083018095002254e-004	1.487130e-002
5.097246610627254e-004	1.615063e-002
5.111475126252255e-004	1.730995e-002
5.125703641877255e-004	1.830575e-002
5.139932157502255e-004	1.910004e-002
5.154160673127256e-004	1.966168e-002
5.168389188752256e-004	1.996742e-002
5.182617704377257e-004	2.003274e-002
5.190689302247579e-004	1.994464e-002
5.199535972860101e-004	1.971997e-002
5.210735863722057e-004	1.927783e-002
5.224964379347058e-004	1.849801e-002
5.239192894972058e-004	1.749538e-002
5.253421410597058e-004	1.628568e-002
5.267649926222059e-004	1.490588e-002
5.281878441847059e-004	1.339877e-002
5.296106957472060e-004	1.181144e-002
5.310335473097060e-004	1.019369e-002
5.324563988722060e-004	8.596369e-003
5.338792504347061e-004	7.069597e-003
5.353021019972061e-004	5.661073e-003
5.367249535597062e-004	4.414448e-003
5.381478051222062e-004	3.367834e-003
5.395706566847063e-004	2.552503e-003
5.409935082472063e-004	1.991826e-003
5.424163598097063e-004	1.670548e-003
5.432235195967387e-004	1.612981e-003
5.441081866579909e-004	1.677551e-003
5.452281757441865e-004	1.916522e-003
5.466510273066865e-004	2.437578e-003
5.480738788691866e-004	3.180835e-003
5.494967304316866e-004	4.130613e-003
5.509195819941867e-004	5.250035e-003
5.523424335566867e-004	6.496437e-003
5.537652851191867e-004	7.822830e-003
5.551881366816868e-004	9.179501e-003
5.566109882441868e-004	1.051571e-002
5.580338398066869e-004	1.178144e-002
5.594566913691869e-004	1.292907e-002
5.608795429316869e-004	1.391506e-002
5.623023944941870e-004	1.470137e-002
5.637252460566870e-004	1.525683e-002
5.651480976191871e-004	1.555815e-002
5.665709491816871e-004	1.562059e-002
5.673781089687194e-004	1.553162e-002
5.682627760299716e-004	1.530678e-002
5.693827651161672e-004	1.486536e-002
5.708056166786672e-004	1.408783e-002
5.722284682411672e-004	1.308896e-002
5.736513198036673e-004	1.188454e-002
5.750741713661673e-004	1.051153e-002
5.764970229286674e-004	9.012642e-003
5.779198744911674e-004	7.434944e-003
5.793427260536674e-004	5.828209e-003
5.807655776161675e-004	4.243232e-003
5.821884291786675e-004	2.730098e-003
5.836112807411676e-004	1.336468e-003
5.850341323036676e-004	1.059534e-004
5.864569838661676e-004	-9.233725e-004
5.878798354286677e-004	-1.720274e-003
5.893026869911677e-004	-2.261420e-003
5.907255385536678e-004	-2.562214e-003
5.915326983407000e-004	-2.607690e-003
5.924173654019522e-004	-2.529403e-003
5.935373544881478e-004	-2.272496e-003
5.949602060506479e-004	-1.727848e-003
5.963830576131479e-004	-9.601348e-004
5.978059091756479e-004	1.497809e-005
5.992287607381480e-004	1.160578e-003
6.006516123006480e-004	2.433967e-003
6.020744638631481e-004	3.788117e-003
6.034973154256481e-004	5.173281e-003
6.049201669881481e-004	6.538687e-003
6.063430185506482e-004	7.834275e-003
6.077658701131482e-004	9.012406e-003
6.091887216756483e-004	1.002949e-002
6.106115732381483e-004	1.084747e-002
6.120344248006483e-004	1.143512e-002
6.134572763631484e-004	1.176914e-002
6.148801279256484e-004	1.186470e-002
6.156872877126807e-004	1.179472e-002
6.165719547739329e-004	1.159088e-002
6.176919438601285e-004	1.117629e-002
6.191147954226285e-004	1.043316e-002
6.205376469851286e-004	9.469019e-003
6.219604985476286e-004	8.299651e-003
6.233833501101286e-004	6.961973e-003
6.248062016726287e-004	5.498687e-003
6.262290532351287e-004	3.956820e-003
6.276519047976288e-004	2.386123e-003
6.290747563601288e-004	8.373637e-004
6.304976079226288e-004	-6.393991e-004
6.319204594851289e-004	-1.996530e-003
6.333433110476289e-004	-3.190442e-003
6.347661626101290e-004	-4.183087e-003
6.361890141726290e-004	-4.943253e-003
6.376118657351290e-004	-5.447632e-003
6.390347172976291e-004	-5.711647e-003
6.398418770846613e-004	-5.736263e-003
6.407265441459135e-004	-5.635122e-003
6.418465332321090e-004	-5.349310e-003
6.432693847946091e-004	-4.767991e-003
6.446922363571091e-004	-3.963679e-003
6.461150879196092e-004	-2.952063e-003
6.475379394821092e-004	-1.770074e-003
6.489607910446092e-004	-4.604302e-004
6.503836426071093e-004	9.298244e-004
6.518064941696093e-004	2.350924e-003
6.532293457321094e-004	3.752080e-003
6.546521972946094e-004	5.083216e-003
6.560750488571094e-004	6.296678e-003
6.574979004196095e-004	7.348858e-003
6.589207519821095e-004	8.201688e-003
6.603436035446096e-004	8.823934e-003
6.617664551071096e-004	9.192267e-003
6.631893066696096e-004	9.321891e-003
6.639964664566420e-004	9.271099e-003
6.648811335178942e-004	9.088152e-003
6.660011226040897e-004	8.699823e-003
6.674239741665897e-004	7.989782e-003
6.688468257290898e-004	7.058411e-003
6.702696772915898e-004	5.921473e-003
6.716925288540899e-004	4.615873e-003
6.731153804165899e-004	3.184303e-003
6.745382319790899e-004	1.673785e-003
6.759610835415900e-004	1.340575e-004
6.773839351040900e-004	-1.384115e-003
6.788067866665901e-004	-2.830683e-003
6.802296382290901e-004	-4.158017e-003
6.816524897915901e-004	-5.322536e-003
6.830753413540902e-004	-6.286196e-003
6.844981929165902e-004	-7.017791e-003
6.859210444790903e-004	-7.494017e-003
6.873438960415903e-004	-7.730255e-003
6.881510558286227e-004	-7.739305e-003
6.890357228898749e-004	-7.621303e-003
6.901557119760705e-004	-7.314394e-003
6.915785635385705e-004	-6.706641e-003
6.930014151010705e-004	-5.876306e-003
6.944242666635706e-004	-4.839102e-003
6.958471182260706e-004	-3.631961e-003
6.972699697885707e-004	-2.297601e-003
6.986928213510707e-004	-8.830684e-004
7.001156729135708e-004	5.618719e-004
7.015385244760708e-004	1.986432e-003
7.029613760385708e-004	3.340536e-003
7.043842276010709e-004	4.576530e-003
7.058070791635709e-004	5.650809e-003
7.072299307260710e-004	6.525306e-003
7.086527822885710e-004	7.168789e-003
7.100756338510710e-004	7.557932e-003
7.114984854135711e-004	7.707987e-003
7.123056452006033e-004	7.668595e-003
7.131903122618555e-004	7.497947e-003
7.143103013480510e-004	7.124946e-003
7.157331529105511e-004	6.434024e-003
7.171560044730511e-004	5.521385e-003
7.185788560355511e-004	4.402773e-003
7.200017075980512e-004	3.115097e-003
7.214245591605512e-004	1.701055e-003
7.228474107230513e-004	2.076725e-004
7.242702622855513e-004	-1.315305e-003
7.256931138480513e-004	-2.817109e-003
7.271159654105514e-004	-4.247683e-003
7.285388169730514e-004	-5.559391e-003
7.299616685355515e-004	-6.708648e-003
7.313845200980515e-004	-7.657403e-003
7.328073716605515e-004	-8.374442e-003
7.342302232230516e-004	-8.836456e-003
7.356530747855516e-004	-9.058783e-003
7.364602345725840e-004	-9.060091e-003
7.373449016338363e-004	-8.933755e-003
7.384648907200319e-004	-8.616482e-003
7.398877422825319e-004	-7.995830e-003
7.413105938450320e-004	-7.152886e-003
7.427334454075320e-004	-6.103373e-003
7.441562969700321e-004	-4.884216e-003
7.455791485325321e-004	-3.538125e-003
7.470020000950321e-004	-2.112138e-003
7.484248516575322e-004	-6.560120e-004
7.498477032200322e-004	7.794726e-004
7.512705547825323e-004	2.144248e-003
7.526934063450323e-004	3.390670e-003
7.541162579075323e-004	4.475140e-003
7.555391094700324e-004	5.359598e-003
7.569619610325324e-004	6.012824e-003
7.583848125950325e-004	6.411497e-003
7.598076641575325e-004	6.570901e-003
7.606148239445647e-004	6.536722e-003
7.614994910058170e-004	6.371700e-003
7.626194800920126e-004	6.005715e-003
7.640423316545126e-004	5.323554e-003
7.654651832170126e-004	4.419517e-003
7.668880347795127e-004	3.309344e-003
7.683108863420127e-004	2.029954e-003
7.697337379045128e-004	6.240532e-004
7.711565894670128e-004	-8.613255e-004
7.725794410295128e-004	-2.376428e-003
7.740022925920129e-004	-3.870478e-003
7.754251441545129e-004	-5.293410e-003
7.768479957170130e-004	-6.597581e-003
7.782708472795130e-004	-7.739398e-003
7.796936988420130e-004	-8.680800e-003
7.811165504045131e-004	-9.390568e-003
7.825394019670131e-004	-9.845383e-003
7.839622535295132e-004	-1.006057e-002
7.847694133165453e-004	-1.005786e-002
7.856540803777975e-004	-9.927137e-003
7.867740694639931e-004	-9.604341e-003
7.881969210264932e-004	-8.976709e-003
7.896197725889932e-004	-8.126819e-003
7.910426241514932e-004	-7.070388e-003
7.924654757139933e-004	-5.844334e-003
7.938883272764933e-004	-4.491362e-003
7.953111788389934e-004	-3.058500e-003
7.967340304014934e-004	-1.595502e-003
7.981568819639934e-004	-1.531392e-004
7.995797335264935e-004	1.218526e-003
8.010025850889935e-004	2.471855e-003
8.024254366514936e-004	3.563257e-003
8.038482882139936e-004	4.454679e-003
8.052711397764936e-004	5.114903e-003
8.066939913389937e-004	5.520617e-003
8.081168429014937e-004	5.687101e-003
8.089240026885260e-004	5.656964e-003
8.098086697497782e-004	5.496396e-003
8.109286588359737e-004	5.136084e-003
8.123515103984737e-004	4.461187e-003
8.137743619609737e-004	3.564478e-003
8.151972135234738e-004	2.461706e-003
8.166200650859738e-004	1.189794e-003
8.180429166484739e-004	-2.085465e-004
8.194657682109739e-004	-1.686279e-003
8.208886197734740e-004	-3.193645e-003
8.223114713359740e-004	-4.679863e-003
8.237343228984740e-004	-6.094866e-003
8.251571744609741e-004	-7.391007e-003
8.265800260234741e-004	-8.524687e-003
8.280028775859742e-004	-9.457845e-003
8.294257291484742e-004	-1.015926e-002
8.308485807109742e-004	-1.060560e-002
8.322714322734743e-004	-1.081221e-002
8.330785920605068e-004	-1.080458e-002
8.339632591217590e-004	-1.066841e-002
8.350832482079544e-004	-1.033865e-002
8.365060997704545e-004	-9.702059e-003
8.379289513329545e-004	-8.843089e-003
8.393518028954546e-004	-7.777450e-003
8.407746544579546e-004	-6.542057e-003
8.421975060204546e-004	-5.179613e-003
8.436203575829547e-004	-3.737147e-003
8.450432091454547e-004	-2.264409e-003
8.464660607079548e-004	-8.121709e-004
8.478889122704548e-004	5.695074e-004
8.493117638329548e-004	1.832987e-003
8.507346153954549e-004	2.934678e-003
8.521574669579549e-004	3.836527e-003
8.535803185204550e-004	4.507318e-003
8.550031700829550e-004	4.923738e-003
8.564260216454550e-004	5.101054e-003
8.572331814324874e-004	5.077123e-003
8.581178484937396e-004	4.923422e-003
8.592378375799351e-004	4.571887e-003
8.606606891424351e-004	3.908257e-003
8.620835407049352e-004	3.022945e-003
8.635063922674352e-004	1.931707e-003
8.649292438299353e-004	6.714656e-004
8.663520953924353e-004	-7.150690e-004
8.677749469549353e-004	-2.180861e-003
8.691977985174354e-004	-3.676154e-003
8.706206500799354e-004	-5.150168e-003
8.720435016424355e-004	-6.552837e-003
8.734663532049355e-004	-7.836514e-003
8.748892047674355e-004	-8.957606e-003
8.763120563299356e-004	-9.878051e-003
8.777349078924356e-004	-1.056663e-002
8.791577594549357e-004	-1.100001e-002
8.805806110174357e-004	-1.119357e-002
8.813877708044681e-004	-1.117847e-002
8.822724378657203e-004	-1.103407e-002
8.833924269519159e-004	-1.069382e-002
8.848152785144159e-004	-1.004381e-002
8.862381300769160e-004	-9.171323e-003
8.876609816394160e-004	-8.092061e-003
8.890838332019160e-004	-6.842942e-003
8.905066847644161e-004	-5.466674e-003
8.919295363269161e-004	-4.010287e-003
8.933523878894162e-004	-2.523535e-003
8.947752394519162e-004	-1.057193e-003
8.961980910144162e-004	3.386747e-004
8.976209425769163e-004	1.616427e-003
8.990437941394163e-004	2.732469e-003
9.004666457019164e-004	3.648746e-003
9.018894972644164e-004	4.334036e-003
9.033123488269164e-004	4.765024e-003
9.047352003894165e-004	4.956966e-003
9.055423601764488e-004	4.941360e-003
9.064270272377010e-004	4.796812e-003
9.075470163238966e-004	4.456894e-003
9.089698678863967e-004	3.808069e-003
9.103927194488967e-004	2.937608e-003
9.118155710113968e-004	1.861265e-003
9.132384225738968e-004	6.159612e-004
9.146612741363968e-004	-7.556001e-004
9.160841256988969e-004	-2.206386e-003
9.175069772613969e-004	-3.686645e-003
9.189298288238970e-004	-5.145600e-003
9.203526803863970e-004	-6.533191e-003
9.217755319488970e-004	-7.801774e-003
9.231983835113971e-004	-8.907760e-003
9.246212350738971e-004	-9.813092e-003
9.260440866363972e-004	-1.048655e-002
9.274669381988972e-004	-1.090483e-002
9.288897897613973e-004	-1.108327e-002
9.296969495484295e-004	-1.105961e-002
9.305816166096817e-004	-1.090583e-002
9.317016056958773e-004	-1.055371e-002
9.331244572583773e-004	-9.888638e-003
9.345473088208774e-004	-9.001110e-003
9.359701603833774e-004	-7.906836e-003
9.373930119458775e-004	-6.642739e-003
9.388158635083775e-004	-5.251529e-003
9.402387150708775e-004	-3.780241e-003
9.416615666333776e-004	-2.278634e-003
9.430844181958776e-004	-7.974873e-004
9.445072697583777e-004	6.131317e-004
9.459301213208777e-004	1.905576e-003
9.473529728833778e-004	3.036249e-003
9.487758244458778e-004	3.967088e-003
9.501986760083778e-004	4.666870e-003
9.516215275708779e-004	5.112275e-003
9.530443791333779e-004	5.318562e-003
9.538515389204102e-004	5.311057e-003
9.547362059816624e-004	5.175348e-003
9.558561950678580e-004	4.846568e-003
9.572790466303580e-004	4.211813e-003
9.587018981928580e-004	3.355332e-003
9.601247497553581e-004	2.292870e-003
9.615476013178581e-004	1.061342e-003
9.629704528803582e-004	-2.965502e-004
9.643933044428582e-004	-1.733779e-003
9.658161560053583e-004	-3.200595e-003
9.672390075678583e-004	-4.646227e-003
9.686618591303583e-004	-6.020616e-003
9.700847106928584e-004	-7.276125e-003
9.715075622553584e-004	-8.369165e-003
9.729304138178585e-004	-9.261686e-003
9.743532653803585e-004	-9.922473e-003
9.757761169428585e-004	-1.032821e-002
9.771989685053585e-004	-1.049425e-002
9.780061282923908e-004	-1.046361e-002
9.788907953536430e-004	-1.030226e-002
9.800107844398387e-004	-9.940637e-003
9.814336360023388e-004	-9.263629e-003
9.828564875648388e-004	-8.364310e-003
9.842793391273389e-004	-7.258405e-003
9.857021906898389e-004	-5.982839e-003
9.871250422523389e-004	-4.580324e-003
9.885478938148390e-004	-3.097898e-003
9.899707453773390e-004	-1.585324e-003
9.913935969398391e-004	-9.338202e-005
9.928164485023391e-004	1.327856e-003
9.942393000648391e-004	2.630743e-003
9.956621516273392e-004	3.771677e-003
9.970850031898392e-004	4.712596e-003
9.985078547523393e-004	5.422273e-003
9.999307063148393e-004	5.877385e-003
1.001353557877339e-003	6.093212e-003
1.002160717664372e-003	6.091033e-003
1.003045384725624e-003	5.961071e-003
1.004165373811819e-003	5.639455e-003
1.005588225374319e-003	5.013635e-003
1.007011076936819e-003	4.165903e-003
1.008433928499319e-003	3.111991e-003
1.009856780061819e-003	1.888813e-003
1.011279631624319e-003	5.390703e-004
1.012702483186819e-003	-8.902117e-004
1.014125334749320e-003	-2.349285e-003
1.015548186311820e-003	-3.787380e-003
1.016971037874320e-003	-5.154438e-003
1.018393889436820e-003	-6.402825e-003
1.019816740999320e-003	-7.488951e-003
1.021239592561820e-003	-8.374766e-003
1.022662444124320e-003	-9.029059e-003
1.024085295686820e-003	-9.428516e-003
1.025508147249320e-003	-9.588458e-003
1.026315307036352e-003	-9.554463e-003
1.027199974097604e-003	-9.389522e-003
1.028319963183800e-003	-9.023489e-003
1.029742814746300e-003	-8.341056e-003
1.031165666308800e-003	-7.436517e-003
1.032588517871300e-003	-6.325605e-003
1.034011369433800e-003	-5.045246e-003
1.035434220996300e-003	-3.638154e-003
1.036857072558800e-003	-2.151367e-003
1.038279924121300e-003	-6.346452e-004
1.039702775683800e-003	8.612284e-004
1.041125627246300e-003	2.286184e-003
1.042548478808800e-003	3.592572e-003
1.043971330371300e-003	4.736794e-003
1.045394181933800e-003	5.680786e-003
1.046817033496300e-003	6.393323e-003
1.048239885058800e-003	6.851082e-003
1.049662736621300e-003	7.069366e-003
1.050469896408333e-003	7.068485e-003
1.051354563469585e-003	6.939847e-003
1.052474552555781e-003	6.619785e-003
1.053897404118281e-003	5.995758e-003
1.055320255680781e-003	5.149621e-003
1.056743107243281e-003	4.097094e-003
1.058165958805781e-003	2.875095e-003
1.059588810368281e-003	1.526323e-003
1.061011661930781e-003	9.780628e-005
1.062434513493281e-003	-1.360707e-003
1.063857365055781e-003	-2.798445e-003
1.065280216618281e-003	-4.165349e-003
1.066703068180781e-003	-5.413782e-003
1.068125919743281e-003	-6.500155e-003
1.069548771305781e-003	-7.386415e-003
1.070971622868281e-003	-8.041348e-003
1.072394474430781e-003	-8.441643e-003
1.073817325993281e-003	-8.602594e-003
1.074624485780314e-003	-8.569259e-003
1.075509152841566e-003	-8.405129e-003
1.076629141927761e-003	-8.040235e-003
1.078051993490261e-003	-7.359410e-003
1.079474845052761e-003	-6.456654e-003
1.080897696615261e-003	-5.347711e-003
1.082320548177761e-003	-4.069504e-003
1.083743399740261e-003	-2.664745e-003
1.085166251302761e-003	-1.180471e-003
1.086589102865261e-003	3.335603e-004
1.088011954427762e-003	1.826568e-003
1.089434805990262e-003	3.248485e-003
1.090857657552762e-003	4.551664e-003
1.092280509115262e-003	5.692506e-003
1.093703360677762e-003	6.632953e-003
1.095126212240262e-003	7.341779e-003
1.096549063802762e-003	7.795665e-003
1.097971915365262e-003	8.009933e-003
1.098779075152294e-003	8.006701e-003
1.099663742213546e-003	7.875416e-003
1.100783731299742e-003	7.551910e-003
1.102206582862242e-003	6.923379e-003
1.103629434424742e-003	6.072595e-003
1.105052285987242e-003	5.015274e-003
1.106475137549742e-003	3.788334e-003
1.107897989112242e-003	2.434477e-003
1.109320840674742e-003	1.000734e-003
1.110743692237242e-003	-4.631429e-004
1.112166543799742e-003	-1.906381e-003
1.113589395362242e-003	-3.278919e-003
1.115012246924742e-003	-4.533117e-003
1.116435098487242e-003	-5.625383e-003
1.117857950049742e-003	-6.517662e-003
1.119280801612242e-003	-7.178738e-003
1.120703653174742e-003	-7.585295e-003
1.122126504737242e-003	-7.752614e-003
1.122933664524275e-003	-7.722945e-003
1.123818331585527e-003	-7.562885e-003
1.124938320671723e-003	-7.203209e-003
1.126361172234223e-003	-6.529106e-003
1.127784023796723e-003	-5.633174e-003
1.129206875359223e-003	-4.531160e-003
1.130629726921723e-003	-3.259985e-003
1.132052578484223e-003	-1.862357e-003
1.133475430046723e-003	-3.853100e-004
1.134898281609223e-003	1.121399e-003
1.136321133171723e-003	2.606994e-003
1.137743984734223e-003	4.021407e-003
1.139166836296723e-003	5.316997e-003
1.140589687859223e-003	6.450166e-003
1.142012539421723e-003	7.382859e-003
1.143435390984223e-003	8.083853e-003
1.144858242546723e-003	8.529831e-003
1.146281094109223e-003	8.736124e-003
1.147088253896256e-003	8.728337e-003
1.147972920957508e-003	8.592027e-003
1.149092910043703e-003	8.262120e-003
1.150515761606203e-003	7.625402e-003
1.151938613168703e-003	6.766371e-003
1.153361464731203e-003	5.700743e-003
1.154784316293703e-003	4.465438e-003
1.156207167856203e-003	3.103162e-003
1.157630019418703e-003	1.660947e-003
1.159052870981203e-003	1.885477e-004
1.160475722543704e-003	-1.263261e-003
1.161898574106204e-003	-2.644414e-003
1.163321425668704e-003	-3.907269e-003
1.164744277231204e-003	-5.008233e-003
1.166167128793704e-003	-5.909248e-003
1.167589980356204e-003	-6.579094e-003
1.169012831918704e-003	-6.994455e-003
1.170435683481204e-003	-7.170606e-003
1.171242843268236e-003	-7.145960e-003
1.172127510329489e-003	-6.991418e-003
1.173247499415684e-003	-6.638742e-003
1.174670350978184e-003	-5.973552e-003
1.176093202540684e-003	-5.086553e-003
1.177516054103184e-003	-3.993491e-003
1.178938905665684e-003	-2.731284e-003
1.180361757228184e-003	-1.342639e-003
1.181784608790685e-003	1.254118e-004
1.183207460353185e-003	1.623115e-003
1.184630311915685e-003	3.099696e-003
1.186053163478185e-003	4.505090e-003
1.187476015040685e-003	5.791656e-003
1.188898866603185e-003	6.915800e-003
1.190321718165685e-003	7.839467e-003
1.191744569728185e-003	8.531439e-003
1.193167421290685e-003	8.968398e-003
1.194590272853185e-003	9.165679e-003
1.195397432640217e-003	9.152782e-003
1.196282099701469e-003	9.010877e-003
1.197402088787665e-003	8.673891e-003
1.198824940350165e-003	8.028192e-003
1.200247791912665e-003	7.160193e-003
1.201670643475165e-003	6.085612e-003
1.203093495037665e-003	4.841372e-003
1.204516346600165e-003	3.470180e-003
1.205939198162665e-003	2.019070e-003
1.207362049725165e-003	5.377973e-004
1.208784901287665e-003	-9.228594e-004
1.210207752850165e-003	-2.312835e-003
1.211630604412665e-003	-3.584485e-003
1.213053455975165e-003	-4.694215e-003
1.214476307537665e-003	-5.603964e-003
1.215899159100165e-003	-6.282513e-003
1.217322010662665e-003	-6.706543e-003
1.218744862225165e-003	-6.891332e-003
1.219552022012198e-003	-6.871570e-003
1.220436689073450e-003	-6.722364e-003
1.221556678159645e-003	-6.376419e-003
1.222979529722145e-003	-5.719748e-003
1.224402381284645e-003	-4.841229e-003
1.225825232847145e-003	-3.756605e-003
1.227248084409645e-003	-2.502793e-003
1.228670935972145e-003	-1.122499e-003
1.230093787534645e-003	3.372480e-004
1.231516639097145e-003	1.826694e-003
1.232939490659645e-003	3.295065e-003
1.234362342222145e-003	4.692299e-003
1.235785193784645e-003	5.970756e-003
1.237208045347145e-003	7.086841e-003
1.238630896909645e-003	8.002503e-003
1.240053748472145e-003	8.686522e-003
1.241476600034646e-003	9.115584e-003
1.242899451597146e-003	9.305016e-003
1.243706611384178e-003	9.287693e-003
1.244591278445431e-003	9.140961e-003
1.245711267531626e-003	8.797901e-003
1.247134119094126e-003	8.144532e-003
1.248556970656626e-003	7.268920e-003
1.249979822219126e-003	6.186787e-003
1.251402673781626e-003	4.935054e-003
1.252825525344126e-003	3.556431e-003
1.254248376906626e-003	2.097951e-003
1.255671228469126e-003	6.093731e-004
1.257094080031626e-003	-8.585263e-004
1.258516931594126e-003	-2.255680e-003
1.259939783156626e-003	-3.534444e-003
1.261362634719127e-003	-4.651221e-003
1.262785486281627e-003	-5.567954e-003
1.264208337844127e-003	-6.253419e-003
1.265631189406627e-003	-6.684298e-003
1.267054040969127e-003	-6.875875e-003
1.267861200756159e-003	-6.859933e-003
1.268745867817411e-003	-6.714883e-003
1.269865856903607e-003	-6.374160e-003
1.271288708466107e-003	-5.724062e-003
1.272711560028607e-003	-4.852052e-003
1.274134411591107e-003	-3.773866e-003
1.275557263153607e-003	-2.526423e-003
1.276980114716107e-003	-1.152426e-003
1.278402966278607e-003	3.010930e-004
1.279825817841107e-003	1.784383e-003
1.281248669403607e-003	3.246668e-003
1.282671520966107e-003	4.637889e-003
1.284094372528607e-003	5.910403e-003
1.285517224091107e-003	7.020620e-003
1.286940075653607e-003	7.930484e-003
1.288362927216107e-003	8.608777e-003
1.289785778778607e-003	9.032185e-003
1.291208630341107e-003	9.216029e-003
1.292015790128139e-003	9.195569e-003
1.292900457189392e-003	9.045432e-003
1.294020446275587e-003	8.698104e-003
1.295443297838087e-003	8.039376e-003
1.296866149400587e-003	7.158473e-003
1.298289000963087e-003	6.071122e-003
1.299711852525587e-003	4.814244e-003
1.301134704088087e-003	3.430549e-003
1.302557555650587e-003	1.967072e-003
1.303980407213087e-003	4.735673e-004
1.305403258775587e-003	-9.991849e-004
1.306826110338087e-003	-2.401119e-003
1.308248961900587e-003	-3.684590e-003
1.309671813463087e-003	-4.806002e-003
1.311094665025587e-003	-5.727296e-003
1.312517516588087e-003	-6.417251e-003
1.313940368150588e-003	-6.852547e-003
1.315363219713088e-003	-7.048476e-003
1.316170379500120e-003	-7.034971e-003
1.317055046561373e-003	-6.892558e-003
1.318175035647568e-003	-6.555131e-003
1.319597887210068e-003	-5.909160e-003
1.321020738772568e-003	-5.041209e-003
1.322443590335068e-003	-3.967011e-003
1.323866441897568e-003	-2.723485e-003
1.325289293460068e-003	-1.353334e-003
1.326712145022569e-003	9.640955e-005
1.328134996585069e-003	1.575994e-003
1.329557848147569e-003	3.034645e-003
1.330980699710069e-003	4.422301e-003
1.332403551272569e-003	5.691320e-003
1.333826402835069e-003	6.798110e-003
1.335249254397569e-003	7.704617e-003
1.336672105960069e-003	8.379622e-003
1.338094957522569e-003	8.799812e-003
1.339517809085069e-003	8.980497e-003
1.340324968872101e-003	8.958274e-003
1.341209635933353e-003	8.806239e-003
1.342329625019548e-003	8.456545e-003
1.343752476582049e-003	7.794870e-003
1.345175328144549e-003	6.911082e-003
1.346598179707049e-003	5.820913e-003
1.348021031269549e-003	4.561283e-003
1.349443882832049e-003	3.174901e-003
1.350866734394549e-003	1.708803e-003
1.352289585957049e-003	2.127421e-004
1.353712437519549e-003	-1.262502e-003
1.355135289082049e-003	-2.666864e-003
1.356558140644549e-003	-3.952699e-003
1.357980992207049e-003	-5.076412e-003
1.359403843769549e-003	-5.999944e-003
1.360826695332049e-003	-6.692074e-003
1.362249546894549e-003	-7.129483e-003
1.363672398457049e-003	-7.327471e-003
1.364479558244082e-003	-7.315106e-003
1.365364225305334e-003	-7.173913e-003
1.366484214391529e-003	-6.837997e-003
1.367907065954029e-003	-6.193894e-003
1.369329917516529e-003	-5.327754e-003
1.370752769079029e-003	-4.255307e-003
1.372175620641530e-003	-3.013473e-003
1.373598472204030e-003	-1.644956e-003
1.375021323766530e-003	-1.967873e-004
1.376444175329030e-003	1.281280e-003
1.377867026891530e-003	2.738470e-003
1.379289878454030e-003	4.124722e-003
1.380712730016530e-003	5.392394e-003
1.382135581579030e-003	6.497893e-003
1.383558433141530e-003	7.403165e-003
1.384981284704030e-003	8.076990e-003
1.386404136266530e-003	8.496053e-003
1.387826987829030e-003	8.675659e-003
1.388634147616062e-003	8.652850e-003
1.389518814677314e-003	8.500195e-003
1.390638803763510e-003	8.149750e-003
1.392061655326010e-003	7.487163e-003
1.393484506888510e-003	6.602515e-003
1.394907358451010e-003	5.511536e-003
1.396330210013510e-003	4.251149e-003
1.397753061576010e-003	2.864060e-003
1.399175913138510e-003	1.397304e-003
1.400598764701010e-003	-9.936346e-005
1.402021616263510e-003	-1.575165e-003
1.403444467826010e-003	-2.980034e-003
1.404867319388510e-003	-4.266329e-003
1.406290170951010e-003	-5.390453e-003
1.407713022513510e-003	-6.314349e-003
1.409135874076010e-003	-7.006795e-003
1.410558725638510e-003	-7.444474e-003
1.411981577201010e-003	-7.642690e-003
1.412788736988043e-003	-7.630433e-003
1.413673404049295e-003	-7.489339e-003
1.414793393135491e-003	-7.153520e-003
1.416216244697991e-003	-6.509502e-003
1.417639096260491e-003	-5.643405e-003
1.419061947822991e-003	-4.570958e-003
1.420484799385491e-003	-3.329080e-003
1.421907650947991e-003	-1.960475e-003
1.423330502510491e-003	-5.121768e-004
1.424753354072991e-003	9.660627e-004
1.426176205635491e-003	2.423468e-003
1.427599057197991e-003	3.809976e-003
1.429021908760491e-003	5.077944e-003
1.430444760322991e-003	6.183781e-003
1.431867611885491e-003	7.089430e-003
1.433290463447991e-003	7.763671e-003
1.434713315010491e-003	8.183190e-003
1.436136166572991e-003	8.363288e-003
1.436943326360023e-003	8.340775e-003
1.437827993421276e-003	8.188462e-003
1.438947982507471e-003	7.838471e-003
1.440370834069971e-003	7.176495e-003
1.441793685632471e-003	6.292491e-003
1.443216537194971e-003	5.202194e-003
1.444639388757472e-003	3.942524e-003
1.446062240319972e-003	2.556189e-003
1.447485091882472e-003	1.090222e-003
1.448907943444972e-003	-4.056213e-004
1.450330795007472e-003	-1.880564e-003
1.451753646569972e-003	-3.284541e-003
1.453176498132472e-003	-4.569910e-003
1.454599349694972e-003	-5.693074e-003
1.456022201257472e-003	-6.634903e-003
1.457000000000000e-003	-7.180887e-003
