time	V(n004)
0.000000000000000e+000	1.128963e-005
1.000000000000000e-009	3.158368e-003
2.724161750374855e-009	3.143050e-003
4.448323500749709e-009	3.117179e-003
6.172485251124563e-009	3.080758e-003
7.896647001499418e-009	3.033784e-003
9.620808751874274e-009	2.976259e-003
1.134497050224913e-008	2.908183e-003
1.306913225262398e-008	2.829554e-003
1.860545608062214e-008	2.542745e-003
2.602317007534208e-008	2.084502e-003
3.446435914703092e-008	1.514492e-003
4.467639961232720e-008	8.265830e-004
5.686633739836729e-008	8.779055e-005
6.969385384944646e-008	-5.313638e-004
8.348836911437474e-008	-9.798821e-004
9.876859414285479e-008	-1.228116e-003
1.157082057692285e-007	-1.261882e-003
1.343245093210633e-007	-1.108636e-003
1.536441939184193e-007	-8.463085e-004
1.686201564391224e-007	-6.218259e-004
1.784935076323839e-007	-4.825450e-004
1.892307402153291e-007	-3.509858e-004
2.012811092479534e-007	-2.294772e-004
2.137893860350059e-007	-1.331399e-004
2.272118986729808e-007	-6.163335e-005
2.415352030783952e-007	-1.631405e-005
2.576296237665541e-007	5.350515e-006
2.759156098257123e-007	5.158152e-006
2.982137391328718e-007	-1.313831e-005
3.279214552226111e-007	-4.410411e-005
3.619503527716768e-007	-7.158266e-005
3.972568225773366e-007	-8.491001e-005
4.390210611823495e-007	-8.578702e-005
5.527180787601716e-007	-6.830950e-005
9.939277263574573e-007	1.630838e-005
1.398488665902865e-006	1.476484e-004
2.105312580883297e-006	4.726480e-004
2.859452850913849e-006	9.545683e-004
3.761906052052119e-006	1.725042e-003
4.761083332784555e-006	2.823607e-003
6.025865852194680e-006	4.576961e-003
7.537629688624637e-006	7.187436e-003
9.475788224457574e-006	1.132627e-002
1.186605934232359e-005	1.759921e-002
1.493988524693247e-005	2.745145e-002
1.881279191476928e-005	4.249017e-002
2.384145995287072e-005	6.588976e-002
3.035062687101449e-005	1.015863e-001
3.906096006388371e-005	1.563876e-001
5.104737100865828e-005	2.387874e-001
6.510987100865828e-005	3.372250e-001
7.917237100865828e-005	4.288607e-001
9.323487100865827e-005	5.051214e-001
1.072973710086583e-004	5.593721e-001
1.213598710086583e-004	5.873468e-001
1.354223710086583e-004	5.870777e-001
1.494848710086583e-004	5.586991e-001
1.635473710086583e-004	5.041575e-001
1.776098710086583e-004	4.268584e-001
1.916723710086583e-004	3.312786e-001
2.057348710086582e-004	2.225720e-001
2.197973710086582e-004	1.061922e-001
2.338598710086582e-004	-1.244971e-002
2.479223710086582e-004	-1.282778e-001
2.619848710086583e-004	-2.367852e-001
2.760473710086583e-004	-3.342053e-001
2.901098710086583e-004	-4.176190e-001
3.041723710086583e-004	-4.850025e-001
3.182348710086584e-004	-5.352208e-001
3.322973710086584e-004	-5.679760e-001
3.463598710086584e-004	-5.837184e-001
3.604223710086584e-004	-5.835323e-001
3.744848710086584e-004	-5.690051e-001
3.885473710086585e-004	-5.420896e-001
4.026098710086585e-004	-5.049676e-001
4.166723710086585e-004	-4.599221e-001
4.307348710086585e-004	-4.092234e-001
4.447973710086586e-004	-3.550320e-001
4.588598710086586e-004	-2.993229e-001
4.729223710086586e-004	-2.438294e-001
4.869848710086586e-004	-1.900084e-001
5.010473710086586e-004	-1.390241e-001
5.151098710086586e-004	-9.174875e-002
5.291723710086585e-004	-4.877746e-002
5.432348710086585e-004	-1.045386e-002
5.572973710086585e-004	2.309654e-002
5.713598710086584e-004	5.192825e-002
5.854223710086584e-004	7.623596e-002
5.994848710086584e-004	9.631531e-002
6.135473710086584e-004	1.125264e-001
6.276098710086583e-004	1.252613e-001
6.416723710086583e-004	1.349171e-001
6.557348710086583e-004	1.418744e-001
6.697973710086582e-004	1.464821e-001
6.838598710086582e-004	1.490473e-001
6.979223710086582e-004	1.498312e-001
7.119848710086581e-004	1.490486e-001
7.260473710086581e-004	1.468714e-001
7.401098710086581e-004	1.434347e-001
7.541723710086580e-004	1.388446e-001
7.682348710086580e-004	1.331865e-001
7.822973710086580e-004	1.265342e-001
7.963598710086580e-004	1.189571e-001
8.104223710086579e-004	1.105279e-001
8.244848710086579e-004	1.013274e-001
8.385473710086579e-004	9.144862e-002
8.526098710086578e-004	8.099860e-002
8.666723710086578e-004	7.009886e-002
8.807348710086578e-004	5.888422e-002
8.947973710086577e-004	4.750040e-002
9.088598710086577e-004	3.610064e-002
9.229223710086577e-004	2.484160e-002
9.369848710086576e-004	1.387893e-002
9.510473710086576e-004	3.362787e-003
9.651098710086576e-004	-6.566518e-003
9.791723710086576e-004	-1.578236e-002
9.932348710086575e-004	-2.417509e-002
1.007297371008658e-003	-3.165457e-002
1.021359871008658e-003	-3.815197e-002
1.035422371008657e-003	-4.362063e-002
1.049484871008657e-003	-4.803624e-002
1.063547371008657e-003	-5.139621e-002
1.077609871008657e-003	-5.371838e-002
1.091672371008657e-003	-5.503928e-002
1.105734871008657e-003	-5.541181e-002
1.119797371008657e-003	-5.490277e-002
1.133859871008657e-003	-5.359015e-002
1.147922371008657e-003	-5.156035e-002
1.161984871008657e-003	-4.890551e-002
1.176047371008657e-003	-4.572091e-002
1.190109871008657e-003	-4.210263e-002
1.204172371008657e-003	-3.814542e-002
1.218234871008657e-003	-3.394094e-002
1.232297371008657e-003	-2.957620e-002
1.246359871008657e-003	-2.513241e-002
1.260422371008657e-003	-2.068413e-002
1.274484871008657e-003	-1.629858e-002
1.288547371008657e-003	-1.203537e-002
1.302609871008657e-003	-7.946329e-003
1.316672371008657e-003	-4.075580e-003
1.330734871008657e-003	-4.597211e-004
1.344797371008657e-003	2.871845e-003
1.358859871008657e-003	5.896519e-003
1.372922371008657e-003	8.598048e-003
1.386984871008657e-003	1.096605e-002
1.401047371008657e-003	1.299550e-002
1.415109871008657e-003	1.468625e-002
1.429172371008657e-003	1.604256e-002
1.443234871008657e-003	1.707257e-002
1.457297371008657e-003	1.778792e-002
1.471359871008657e-003	1.820328e-002
1.485422371008656e-003	1.833595e-002
1.499484871008656e-003	1.820550e-002
1.513547371008656e-003	1.783332e-002
1.527609871008656e-003	1.724235e-002
1.541672371008656e-003	1.645665e-002
1.555734871008656e-003	1.550110e-002
1.569797371008656e-003	1.440104e-002
1.583859871008656e-003	1.318197e-002
1.597922371008656e-003	1.186920e-002
1.611984871008656e-003	1.048758e-002
1.626047371008656e-003	9.061199e-003
1.640109871008656e-003	7.613128e-003
1.654172371008656e-003	6.165160e-003
1.668234871008656e-003	4.737604e-003
1.682297371008656e-003	3.349096e-003
1.696359871008656e-003	2.016436e-003
1.710422371008656e-003	7.544664e-004
1.724484871008656e-003	-4.240143e-004
1.738547371008656e-003	-1.508309e-003
1.752609871008656e-003	-2.489839e-003
1.766672371008656e-003	-3.362129e-003
1.780734871008656e-003	-4.120760e-003
1.794797371008656e-003	-4.763291e-003
1.808859871008656e-003	-5.289157e-003
1.822922371008656e-003	-5.699542e-003
1.836984871008656e-003	-5.997234e-003
1.851047371008656e-003	-6.186463e-003
1.865109871008656e-003	-6.272726e-003
1.879172371008656e-003	-6.262612e-003
1.893234871008656e-003	-6.163616e-003
1.907297371008656e-003	-5.983955e-003
1.921359871008656e-003	-5.732390e-003
1.935422371008655e-003	-5.418050e-003
1.949484871008655e-003	-5.050267e-003
1.963547371008656e-003	-4.638421e-003
1.977609871008656e-003	-4.191799e-003
1.991672371008656e-003	-3.719464e-003
2.005734871008656e-003	-3.230141e-003
2.019797371008656e-003	-2.732116e-003
2.033859871008657e-003	-2.233154e-003
2.047922371008657e-003	-1.740426e-003
2.061984871008657e-003	-1.260454e-003
2.076047371008657e-003	-7.990715e-004
2.090109871008657e-003	-3.613955e-004
2.104172371008658e-003	4.819113e-005
2.118234871008658e-003	4.260417e-004
2.132297371008658e-003	7.692392e-004
2.146359871008658e-003	1.075580e-003
2.160422371008658e-003	1.343549e-003
2.174484871008658e-003	1.572286e-003
2.188547371008659e-003	1.761551e-003
2.202609871008659e-003	1.911673e-003
2.216672371008659e-003	2.023508e-003
2.230734871008659e-003	2.098385e-003
2.244797371008659e-003	2.138048e-003
2.258859871008660e-003	2.144608e-003
2.272922371008660e-003	2.120478e-003
2.286984871008660e-003	2.068322e-003
2.301047371008660e-003	1.990995e-003
2.315109871008660e-003	1.891493e-003
2.329172371008660e-003	1.772898e-003
2.343234871008661e-003	1.638330e-003
2.357297371008661e-003	1.490899e-003
2.371359871008661e-003	1.333662e-003
2.375451460864566e-003	1.286572e-003
2.379543050720472e-003	1.239070e-003
2.383634640576378e-003	1.191156e-003
2.387726230432283e-003	1.142829e-003
2.391817820288189e-003	1.094091e-003
2.395909410144094e-003	1.044941e-003
2.400001000000000e-003	9.953782e-004
2.400002000000000e-003	-2.151703e-003
2.400004563318377e-003	-2.120369e-003
2.400007126636754e-003	-2.069341e-003
2.400009689955132e-003	-1.998620e-003
2.400012253273509e-003	-1.908204e-003
2.400014816591886e-003	-1.798095e-003
2.400017379910263e-003	-1.668292e-003
2.400019943228640e-003	-1.518795e-003
2.400026612632301e-003	-1.105023e-003
2.400035625463667e-003	-4.965502e-004
2.400046589024247e-003	2.360758e-004
2.400059708853626e-003	1.017544e-003
2.400072151417663e-003	1.596293e-003
2.400086425023048e-003	2.031116e-003
2.400101567152964e-003	2.248814e-003
2.400119001784576e-003	2.256755e-003
2.400137652756029e-003	2.085113e-003
2.400159149888852e-003	1.784141e-003
2.400172162569141e-003	1.590333e-003
2.400182144174282e-003	1.453127e-003
2.400193368586052e-003	1.321006e-003
2.400205374072076e-003	1.206753e-003
2.400218195631576e-003	1.115599e-003
2.400231684514119e-003	1.051265e-003
2.400246508360045e-003	1.011616e-003
2.400262958525023e-003	9.957810e-004
2.400282193590742e-003	1.000929e-003
2.400305737255982e-003	1.022603e-003
2.400339274156161e-003	1.055584e-003
2.400379000783620e-003	1.080678e-003
2.400420684181509e-003	1.088562e-003
2.400514387718733e-003	1.075011e-003
2.400896600045656e-003	1.004422e-003
2.401181712428101e-003	9.228717e-004
2.401685320327689e-003	7.162440e-004
2.402655981713006e-003	8.630155e-005
2.404597304483641e-003	-1.916458e-003
2.407269964432149e-003	-6.032969e-003
2.410057680729299e-003	-1.193802e-002
2.412576488634815e-003	-1.875373e-002
2.415243867135875e-003	-2.748378e-002
2.418236530570601e-003	-3.902880e-002
2.422368149821737e-003	-5.767848e-002
2.427962249653637e-003	-8.707557e-002
2.435610871546639e-003	-1.332937e-001
2.446043713132237e-003	-2.033674e-001
2.460106213132237e-003	-3.022173e-001
2.474168713132237e-003	-3.974352e-001
2.488231213132237e-003	-4.801914e-001
2.502293713132237e-003	-5.430175e-001
2.516356213132238e-003	-5.808041e-001
2.530418713132238e-003	-5.907811e-001
2.544481213132238e-003	-5.723630e-001
2.558543713132238e-003	-5.268891e-001
2.572606213132238e-003	-4.572888e-001
2.586668713132239e-003	-3.677029e-001
2.600731213132239e-003	-2.630894e-001
2.614793713132239e-003	-1.488370e-001
2.628856213132239e-003	-3.040890e-002
2.642918713132239e-003	8.696889e-002
2.656981213132239e-003	1.985632e-001
2.671043713132240e-003	3.003275e-001
2.685106213132240e-003	3.890315e-001
2.699168713132240e-003	4.623298e-001
2.713231213132240e-003	5.187740e-001
2.727293713132240e-003	5.577754e-001
2.741356213132241e-003	5.795290e-001
2.755418713132241e-003	5.849068e-001
2.769481213132241e-003	5.753316e-001
2.783543713132241e-003	5.526413e-001
2.797606213132241e-003	5.189503e-001
2.811668713132241e-003	4.765188e-001
2.825731213132242e-003	4.276329e-001
2.839793713132242e-003	3.745012e-001
2.853856213132242e-003	3.191715e-001
2.867918713132242e-003	2.634679e-001
2.881981213132242e-003	2.089478e-001
2.896043713132243e-003	1.568801e-001
2.910106213132243e-003	1.082394e-001
2.924168713132243e-003	6.371705e-002
2.938231213132243e-003	2.374245e-002
2.952293713132243e-003	-1.148549e-002
2.966356213132244e-003	-4.196172e-002
2.980418713132244e-003	-6.783555e-002
2.994481213132244e-003	-8.937093e-002
3.008543713132244e-003	-1.069088e-001
3.022606213132244e-003	-1.208329e-001
3.036668713132244e-003	-1.315413e-001
3.050731213132245e-003	-1.394220e-001
3.064793713132245e-003	-1.448363e-001
3.078856213132245e-003	-1.481067e-001
3.092918713132245e-003	-1.495106e-001
3.106981213132245e-003	-1.492786e-001
3.121043713132246e-003	-1.475971e-001
3.135106213132246e-003	-1.446130e-001
3.149168713132246e-003	-1.404414e-001
3.163231213132246e-003	-1.351739e-001
3.177293713132246e-003	-1.288870e-001
3.191356213132247e-003	-1.216505e-001
3.205418713132247e-003	-1.135350e-001
3.219481213132247e-003	-1.046178e-001
3.233543713132247e-003	-9.498676e-002
3.247606213132247e-003	-8.474377e-002
3.261668713132247e-003	-7.400504e-002
3.275731213132248e-003	-6.290074e-002
3.289793713132248e-003	-5.157296e-002
3.303856213132248e-003	-4.017261e-002
3.317918713132248e-003	-2.885559e-002
3.331981213132248e-003	-1.777839e-002
3.346043713132249e-003	-7.093621e-003
3.360106213132249e-003	3.054402e-003
3.374168713132249e-003	1.253373e-002
3.388231213132249e-003	2.122829e-002
3.402293713132249e-003	2.904069e-002
3.416356213132249e-003	3.589426e-002
3.430418713132250e-003	4.173432e-002
3.444481213132250e-003	4.652850e-002
3.458543713132250e-003	5.026649e-002
3.472606213132250e-003	5.295894e-002
3.486668713132250e-003	5.463582e-002
3.500731213132251e-003	5.534436e-002
3.514793713132251e-003	5.514660e-002
3.528856213132251e-003	5.411675e-002
3.542918713132251e-003	5.233840e-002
3.556981213132251e-003	4.990185e-002
3.571043713132252e-003	4.690144e-002
3.585106213132252e-003	4.343311e-002
3.599168713132252e-003	3.959225e-002
3.613231213132252e-003	3.547170e-002
3.627293713132252e-003	3.116023e-002
3.641356213132252e-003	2.674116e-002
3.655418713132253e-003	2.229145e-002
3.669481213132253e-003	1.788095e-002
3.683543713132253e-003	1.357196e-002
3.697606213132253e-003	9.419085e-003
3.711668713132253e-003	5.469143e-003
3.725731213132254e-003	1.761380e-003
3.739793713132254e-003	-1.672279e-003
3.753856213132254e-003	-4.806850e-003
3.767918713132254e-003	-7.623859e-003
3.781981213132254e-003	-1.011087e-002
3.796043713132255e-003	-1.226097e-002
3.810106213132255e-003	-1.407232e-002
3.824168713132255e-003	-1.554761e-002
3.838231213132255e-003	-1.669362e-002
3.852293713132255e-003	-1.752076e-002
3.866356213132255e-003	-1.804261e-002
3.880418713132256e-003	-1.827556e-002
3.894481213132256e-003	-1.823837e-002
3.908543713132256e-003	-1.795177e-002
3.922606213132256e-003	-1.743816e-002
3.936668713132256e-003	-1.672120e-002
3.950731213132257e-003	-1.582548e-002
3.964793713132257e-003	-1.477618e-002
3.978856213132257e-003	-1.359876e-002
3.992918713132257e-003	-1.231858e-002
4.006981213132257e-003	-1.096069e-002
4.021043713132257e-003	-9.549457e-003
4.035106213132258e-003	-8.108311e-003
4.049168713132258e-003	-6.659518e-003
4.063231213132258e-003	-5.223928e-003
4.077293713132258e-003	-3.820783e-003
4.091356213132258e-003	-2.467547e-003
4.105418713132259e-003	-1.179771e-003
4.119481213132259e-003	2.901278e-005
4.133543713132259e-003	1.147351e-003
4.147606213132259e-003	2.165907e-003
4.161668713132259e-003	3.077453e-003
4.175731213132260e-003	3.876834e-003
4.189793713132260e-003	4.560908e-003
4.203856213132260e-003	5.128443e-003
4.217918713132260e-003	5.580004e-003
4.231981213132260e-003	5.917812e-003
4.246043713132260e-003	6.145587e-003
4.260106213132261e-003	6.268384e-003
4.274168713132261e-003	6.292409e-003
4.288231213132261e-003	6.224841e-003
4.302293713132261e-003	6.073649e-003
4.316356213132261e-003	5.847405e-003
4.330418713132262e-003	5.555115e-003
4.344481213132262e-003	5.206046e-003
4.358543713132262e-003	4.809567e-003
4.372606213132262e-003	4.375004e-003
4.386668713132262e-003	3.911504e-003
4.400731213132262e-003	3.427918e-003
4.414793713132263e-003	2.932691e-003
4.428856213132263e-003	2.433778e-003
4.442918713132263e-003	1.938563e-003
4.456981213132263e-003	1.453802e-003
4.471043713132263e-003	9.855761e-004
4.485106213132264e-003	5.392578e-004
4.499168713132264e-003	1.194922e-004
4.513231213132264e-003	-2.698115e-004
4.527293713132264e-003	-6.254764e-004
4.541356213132264e-003	-9.450451e-004
4.555418713132265e-003	-1.226758e-003
4.569481213132265e-003	-1.469522e-003
4.583543713132265e-003	-1.672878e-003
4.597606213132265e-003	-1.836954e-003
4.611668713132265e-003	-1.962418e-003
4.625731213132265e-003	-2.050434e-003
4.639793713132266e-003	-2.102599e-003
4.653856213132266e-003	-2.120894e-003
4.667918713132266e-003	-2.107627e-003
4.681981213132266e-003	-2.065375e-003
4.696043713132266e-003	-1.996926e-003
4.710106213132267e-003	-1.905228e-003
4.724168713132267e-003	-1.793334e-003
4.738231213132267e-003	-1.664353e-003
4.752293713132267e-003	-1.521399e-003
4.766356213132267e-003	-1.367549e-003
4.780418713132268e-003	-1.206477e-003
4.783216039827658e-003	-1.173538e-003
4.786013366523048e-003	-1.140454e-003
4.788810693218439e-003	-1.107226e-003
4.791608019913829e-003	-1.073854e-003
4.794405346609219e-003	-1.040337e-003
4.797202673304610e-003	-1.006675e-003
4.800000000000000e-003	-9.728695e-004
4.800001000000000e-003	2.174212e-003
4.800003567222010e-003	2.142776e-003
4.800006134444021e-003	2.091609e-003
4.800008701666031e-003	2.020713e-003
4.800011268888043e-003	1.930086e-003
4.800013836110053e-003	1.819729e-003
4.800016403332064e-003	1.689642e-003
4.800018970554074e-003	1.539824e-003
4.800025637706204e-003	1.126022e-003
4.800034659874736e-003	5.168638e-004
4.800045625685953e-003	-2.157351e-004
4.800058747684249e-003	-9.968922e-004
4.800071191720431e-003	-1.575158e-003
4.800085470718344e-003	-2.009466e-003
4.800100619765787e-003	-2.226596e-003
4.800118064949247e-003	-2.233925e-003
4.800136729491195e-003	-2.061820e-003
4.800158104852979e-003	-1.762432e-003
4.800171119313124e-003	-1.568541e-003
4.800181082186726e-003	-1.431525e-003
4.800192294173572e-003	-1.299428e-003
4.800204303873484e-003	-1.184967e-003
4.800217119232465e-003	-1.093667e-003
4.800230606966043e-003	-1.029151e-003
4.800245418196514e-003	-9.893518e-004
4.800261859141854e-003	-9.733636e-004
4.800281068796542e-003	-9.783749e-004
4.800304576694439e-003	-9.999526e-004
4.800337992685925e-003	-1.032908e-003
4.800377166295195e-003	-1.057855e-003
4.800419269374107e-003	-1.066034e-003
4.800512777302149e-003	-1.052625e-003
4.800888438286926e-003	-9.835683e-004
4.801171655231873e-003	-9.032590e-004
4.801669865899052e-003	-6.995794e-004
4.802663615094998e-003	-5.222385e-005
4.804651113486890e-003	2.011489e-003
4.807329992600590e-003	6.161762e-003
4.810083583568540e-003	1.202062e-002
4.812597669287070e-003	1.883188e-002
4.815187465427122e-003	2.730049e-002
4.818178443540332e-003	3.881822e-002
4.822299219722361e-003	5.737804e-002
4.827900311582606e-003	8.675970e-002
4.835520227068201e-003	1.327427e-001
4.845935802038936e-003	2.026491e-001
4.859998302038936e-003	3.014882e-001
4.874060802038937e-003	3.967668e-001
4.888123302038937e-003	4.796494e-001
4.902185802038937e-003	5.426498e-001
4.916248302038937e-003	5.806407e-001
4.930310802038937e-003	5.908345e-001
4.944373302038937e-003	5.726299e-001
4.958435802038938e-003	5.273529e-001
4.972498302038938e-003	4.579219e-001
4.986560802038938e-003	3.684702e-001
5.000623302038938e-003	2.639510e-001
5.014685802038938e-003	1.497512e-001
5.028748302038939e-003	3.133469e-002
5.042810802038939e-003	-8.606979e-002
5.056873302038939e-003	-1.977245e-001
5.070935802038939e-003	-2.995769e-001
5.084998302038939e-003	-3.883903e-001
5.099060802038940e-003	-4.618125e-001
5.113123302038940e-003	-5.183882e-001
5.127185802038940e-003	-5.575225e-001
5.141248302038940e-003	-5.794048e-001
5.155310802038940e-003	-5.849024e-001
5.169373302038940e-003	-5.754344e-001
5.183435802038941e-003	-5.528361e-001
5.197498302038941e-003	-5.192202e-001
5.211560802038941e-003	-4.768465e-001
5.225623302038941e-003	-4.280011e-001
5.239685802038941e-003	-3.748935e-001
5.253748302038942e-003	-3.195733e-001
5.267810802038942e-003	-2.638662e-001
5.281873302038942e-003	-2.093319e-001
5.295935802038942e-003	-1.572413e-001
5.309998302038942e-003	-1.085716e-001
5.324060802038943e-003	-6.401589e-002
5.338123302038943e-003	-2.400564e-002
5.352185802038943e-003	1.125867e-002
5.366248302038943e-003	4.177066e-002
5.380310802038943e-003	6.767862e-002
5.394373302038943e-003	8.924577e-002
5.408435802038944e-003	1.068126e-001
5.422498302038944e-003	1.207627e-001
5.436560802038944e-003	1.314939e-001
5.450623302038944e-003	1.393947e-001
5.464685802038944e-003	1.448265e-001
5.478748302038945e-003	1.481120e-001
5.492810802038945e-003	1.495291e-001
5.506873302038945e-003	1.493088e-001
5.520935802038945e-003	1.476376e-001
5.534998302038945e-003	1.446629e-001
5.549060802038945e-003	1.405000e-001
5.563123302038946e-003	1.352405e-001
5.577185802038946e-003	1.289610e-001
5.591248302038946e-003	1.217315e-001
5.605310802038946e-003	1.136224e-001
5.619373302038946e-003	1.047109e-001
5.633435802038947e-003	9.508494e-002
5.647498302038947e-003	8.484618e-002
5.661560802038947e-003	7.411073e-002
5.675623302038947e-003	6.300869e-002
5.689685802038947e-003	5.168204e-002
5.703748302038948e-003	4.028166e-002
5.717810802038948e-003	2.896341e-002
5.731873302038948e-003	1.788380e-002
5.745935802038948e-003	7.195494e-003
5.759998302038948e-003	-2.957125e-003
5.774060802038948e-003	-1.244200e-002
5.788123302038949e-003	-2.114292e-002
5.802185802038949e-003	-2.896233e-002
5.816248302038949e-003	-3.582343e-002
5.830310802038949e-003	-4.167133e-002
5.844373302038949e-003	-4.647353e-002
5.858435802038950e-003	-5.021954e-002
5.872498302038950e-003	-5.291983e-002
5.886560802038950e-003	-5.460427e-002
5.900623302038950e-003	-5.531995e-002
5.914685802038950e-003	-5.512881e-002
5.928748302038951e-003	-5.410497e-002
5.942810802038951e-003	-5.233197e-002
5.956873302038951e-003	-4.990006e-002
5.970935802038951e-003	-4.690357e-002
5.984998302038951e-003	-4.343844e-002
5.999060802038951e-003	-3.960004e-002
6.013123302038952e-003	-3.548128e-002
6.027185802038952e-003	-3.117092e-002
6.041248302038952e-003	-2.675237e-002
6.055310802038952e-003	-2.230261e-002
6.069373302038952e-003	-1.789156e-002
6.083435802038953e-003	-1.358159e-002
6.097498302038953e-003	-9.427334e-003
6.111560802038953e-003	-5.475690e-003
6.125623302038953e-003	-1.765955e-003
6.139685802038953e-003	1.669891e-003
6.153748302038953e-003	4.806813e-003
6.167810802038954e-003	7.626290e-003
6.181873302038954e-003	1.011584e-002
6.195935802038954e-003	1.226852e-002
6.209998302038954e-003	1.408243e-002
6.224060802038954e-003	1.556025e-002
6.238123302038955e-003	1.670873e-002
6.252185802038955e-003	1.753824e-002
6.266248302038955e-003	1.806236e-002
6.280310802038955e-003	1.829744e-002
6.294373302038955e-003	1.826221e-002
6.308435802038956e-003	1.797742e-002
6.322498302038956e-003	1.746545e-002
6.336560802038956e-003	1.674994e-002
6.350623302038956e-003	1.585548e-002
6.364685802038956e-003	1.480726e-002
6.378748302038956e-003	1.363070e-002
6.392810802038957e-003	1.235122e-002
6.406873302038957e-003	1.099382e-002
6.420935802038957e-003	9.582900e-003
6.434998302038957e-003	8.141896e-003
6.449060802038957e-003	6.693079e-003
6.463123302038958e-003	5.257312e-003
6.477185802038958e-003	3.853852e-003
6.491248302038958e-003	2.500175e-003
6.505310802038958e-003	1.211847e-003
6.519373302038958e-003	2.416597e-006
6.533435802038958e-003	-1.116648e-003
6.547498302038959e-003	-2.135992e-003
6.561560802038959e-003	-3.048372e-003
6.575623302038959e-003	-3.848621e-003
6.589685802038959e-003	-4.533578e-003
6.603748302038959e-003	-5.101998e-003
6.617810802038960e-003	-5.554433e-003
6.631873302038960e-003	-5.893093e-003
6.645935802038960e-003	-6.121687e-003
6.659998302038960e-003	-6.245258e-003
6.674060802038960e-003	-6.270007e-003
6.688123302038961e-003	-6.203106e-003
6.702185802038961e-003	-6.052516e-003
6.716248302038961e-003	-5.826809e-003
6.730310802038961e-003	-5.534986e-003
6.744373302038961e-003	-5.186312e-003
6.758435802038961e-003	-4.790158e-003
6.772498302038962e-003	-4.355848e-003
6.786560802038962e-003	-3.892534e-003
6.800623302038962e-003	-3.409067e-003
6.814685802038962e-003	-2.913898e-003
6.828748302038962e-003	-2.414983e-003
6.842810802038963e-003	-1.919714e-003
6.856873302038963e-003	-1.434849e-003
6.870935802038963e-003	-9.664765e-004
6.884998302038963e-003	-5.199731e-004
6.899060802038963e-003	-9.998972e-005
6.913123302038964e-003	2.895585e-004
6.927185802038964e-003	6.454892e-004
6.941248302038964e-003	9.653398e-004
6.955310802038964e-003	1.247345e-003
6.969373302038964e-003	1.490408e-003
6.983435802038964e-003	1.694064e-003
6.997498302038965e-003	1.858435e-003
7.011560802038965e-003	1.984189e-003
7.025623302038965e-003	2.072484e-003
7.039685802038965e-003	2.124914e-003
7.053748302038965e-003	2.143458e-003
7.067810802038966e-003	2.130422e-003
7.081873302038966e-003	2.088379e-003
7.095935802038966e-003	2.020118e-003
7.109998302038966e-003	1.928585e-003
7.124060802038966e-003	1.816833e-003
7.138123302038966e-003	1.687970e-003
7.152185802038967e-003	1.545109e-003
7.166248302038967e-003	1.391331e-003
7.180310802038967e-003	1.230301e-003
7.183123687461972e-003	1.197185e-003
7.185936572884976e-003	1.163922e-003
7.188749458307981e-003	1.130514e-003
7.191562343730986e-003	1.096961e-003
7.194375229153990e-003	1.063262e-003
7.197188114576995e-003	1.029417e-003
7.200000999999999e-003	9.954261e-004
7.200001999999999e-003	-2.151655e-003
7.200004562578001e-003	-2.120340e-003
7.200007125156002e-003	-2.069340e-003
7.200009687734005e-003	-1.998653e-003
7.200012250312006e-003	-1.908279e-003
7.200014812890008e-003	-1.798220e-003
7.200017375468010e-003	-1.668474e-003
7.200019938046012e-003	-1.519041e-003
7.200026607529437e-003	-1.105305e-003
7.200035618780938e-003	-4.969592e-004
7.200046581657733e-003	2.356471e-004
7.200059701464527e-003	1.017197e-003
7.200072143578610e-003	1.596035e-003
7.200086416485662e-003	2.030978e-003
7.200101557086532e-003	2.248792e-003
7.200118991293803e-003	2.256860e-003
7.200137640358642e-003	2.085316e-003
7.200159139313055e-003	1.784350e-003
7.200172156089847e-003	1.590477e-003
7.200182136524366e-003	1.453275e-003
7.200193359306169e-003	1.321156e-003
7.200205364837789e-003	1.206881e-003
7.200218185491857e-003	1.115710e-003
7.200231674062624e-003	1.051355e-003
7.200246496381842e-003	1.011688e-003
7.200262945345733e-003	9.958363e-004
7.200282177468166e-003	1.000970e-003
7.200305717042677e-003	1.022634e-003
7.200339240790164e-003	1.055609e-003
7.200378965163164e-003	1.080717e-003
7.200420654120745e-003	1.088615e-003
7.200514338818581e-003	1.075075e-003
7.200896384611921e-003	1.004532e-003
7.201181459415364e-003	9.230199e-004
7.201684741240048e-003	7.165702e-004
7.202655915225819e-003	8.630747e-005
7.204598263197361e-003	-1.917548e-003
7.207270215224508e-003	-6.032811e-003
7.210055669985917e-003	-1.193246e-002
7.212573424008092e-003	-1.874376e-002
7.215236918217338e-003	-2.745844e-002
7.218228439966291e-003	-3.899522e-002
7.222358131350091e-003	-5.762997e-002
7.227950299957683e-003	-8.700822e-002
7.235594616844437e-003	-1.331892e-001
7.246021796576478e-003	-2.032147e-001
7.260084296576479e-003	-3.020628e-001
7.274146796576479e-003	-3.972931e-001
7.288209296576479e-003	-4.800752e-001
7.302271796576479e-003	-5.429369e-001
7.316334296576479e-003	-5.807652e-001
7.330396796576480e-003	-5.907866e-001
7.344459296576480e-003	-5.724123e-001
7.358521796576480e-003	-5.269787e-001
7.372584296576480e-003	-4.574131e-001
7.386646796576480e-003	-3.678547e-001
7.400709296576481e-003	-2.632605e-001
7.414771796576481e-003	-1.490189e-001
7.428834296576481e-003	-3.059326e-002
7.442896796576481e-003	8.678996e-002
7.456959296576481e-003	1.983966e-001
7.471021796576481e-003	3.001789e-001
7.485084296576482e-003	3.889053e-001
7.499146796576482e-003	4.622289e-001
7.513209296576482e-003	5.186999e-001
7.527271796576482e-003	5.577285e-001
7.541334296576482e-003	5.795084e-001
7.555396796576483e-003	5.849106e-001
7.569459296576483e-003	5.753574e-001
7.583521796576483e-003	5.526859e-001
7.597584296576483e-003	5.190102e-001
7.611646796576483e-003	4.765905e-001
7.625709296576484e-003	4.277128e-001
7.639771796576484e-003	3.745860e-001
7.653834296576484e-003	3.192583e-001
7.667896796576484e-003	2.635539e-001
7.681959296576484e-003	2.090309e-001
7.696021796576484e-003	1.569584e-001
7.710084296576485e-003	1.083118e-001
7.724146796576485e-003	6.378262e-002
7.738209296576485e-003	2.380071e-002
7.752271796576485e-003	-1.143468e-002
7.766334296576485e-003	-4.191823e-002
7.780396796576486e-003	-6.779905e-002
7.794459296576486e-003	-8.934092e-002
7.808521796576486e-003	-1.068847e-001
7.822584296576486e-003	-1.208142e-001
7.836646796576486e-003	-1.315272e-001
7.850709296576486e-003	-1.394120e-001
7.864771796576487e-003	-1.448298e-001
7.878834296576487e-003	-1.481033e-001
7.892896796576487e-003	-1.495099e-001
7.906959296576487e-003	-1.492803e-001
7.921021796576487e-003	-1.476008e-001
7.935084296576488e-003	-1.446186e-001
7.949146796576488e-003	-1.404488e-001
7.963209296576488e-003	-1.351829e-001
7.977271796576488e-003	-1.288975e-001
7.991334296576488e-003	-1.216624e-001
8.005396796576489e-003	-1.135483e-001
8.019459296576489e-003	-1.046322e-001
8.033521796576489e-003	-9.500219e-002
8.047584296576489e-003	-8.476005e-002
8.061646796576489e-003	-7.402199e-002
8.075709296576489e-003	-6.291815e-002
8.089771796576490e-003	-5.159059e-002
8.103834296576490e-003	-4.019023e-002
8.117896796576490e-003	-2.887296e-002
8.131959296576490e-003	-1.779526e-002
8.146021796576490e-003	-7.109771e-003
8.160084296576491e-003	3.039191e-003
8.174146796576491e-003	1.251965e-002
8.188209296576491e-003	2.121551e-002
8.202271796576491e-003	2.902934e-002
8.216334296576491e-003	3.588445e-002
8.230396796576492e-003	4.172610e-002
8.244459296576492e-003	4.652192e-002
8.258521796576492e-003	5.026155e-002
8.272584296576492e-003	5.295560e-002
8.286646796576492e-003	5.463402e-002
8.300709296576492e-003	5.534402e-002
8.314771796576493e-003	5.514761e-002
8.328834296576493e-003	5.411898e-002
8.342896796576493e-003	5.234172e-002
8.356959296576493e-003	4.990611e-002
8.371021796576493e-003	4.690649e-002
8.385084296576494e-003	4.343882e-002
8.399146796576494e-003	3.959846e-002
8.413209296576494e-003	3.547827e-002
8.427271796576494e-003	3.116702e-002
8.441334296576494e-003	2.674806e-002
8.455396796576494e-003	2.229833e-002
8.469459296576495e-003	1.788772e-002
8.483521796576495e-003	1.357853e-002
8.497584296576495e-003	9.425368e-003
8.511646796576495e-003	5.475077e-003
8.525709296576495e-003	1.766910e-003
8.539771796576496e-003	-1.667196e-003
8.553834296576496e-003	-4.802248e-003
8.567896796576496e-003	-7.619760e-003
8.581959296576496e-003	-1.010729e-002
8.596021796576496e-003	-1.225792e-002
8.610084296576497e-003	-1.406979e-002
8.624146796576497e-003	-1.554559e-002
8.638209296576497e-003	-1.669211e-002
8.652271796576497e-003	-1.751973e-002
8.666334296576497e-003	-1.804204e-002
8.680396796576497e-003	-1.827543e-002
8.694459296576498e-003	-1.823863e-002
8.708521796576498e-003	-1.795240e-002
8.722584296576498e-003	-1.743913e-002
8.736646796576498e-003	-1.672246e-002
8.750709296576498e-003	-1.582700e-002
8.764771796576499e-003	-1.477792e-002
8.778834296576499e-003	-1.360067e-002
8.792896796576499e-003	-1.232064e-002
8.806959296576499e-003	-1.096285e-002
8.821021796576499e-003	-9.551674e-003
8.835084296576500e-003	-8.110557e-003
8.849146796576500e-003	-6.661758e-003
8.863209296576500e-003	-5.226131e-003
8.877271796576500e-003	-3.822921e-003
8.891334296576500e-003	-2.469595e-003
8.905396796576500e-003	-1.181705e-003
8.919459296576501e-003	2.721061e-005
8.933521796576501e-003	1.145697e-003
8.947584296576501e-003	2.164414e-003
8.961646796576501e-003	3.076130e-003
8.975709296576501e-003	3.875689e-003
8.989771796576502e-003	4.559943e-003
9.003834296576502e-003	5.127659e-003
9.017896796576502e-003	5.579398e-003
9.031959296576502e-003	5.917379e-003
9.046021796576502e-003	6.145321e-003
9.060084296576502e-003	6.268276e-003
9.074146796576503e-003	6.292448e-003
9.088209296576503e-003	6.225016e-003
9.102271796576503e-003	6.073946e-003
9.116334296576503e-003	5.847812e-003
9.130396796576503e-003	5.555617e-003
9.144459296576504e-003	5.206628e-003
9.158521796576504e-003	4.810215e-003
9.172584296576504e-003	4.375704e-003
9.186646796576504e-003	3.912241e-003
9.200709296576504e-003	3.428679e-003
9.214771796576505e-003	2.933464e-003
9.228834296576505e-003	2.434550e-003
9.242896796576505e-003	1.939323e-003
9.256959296576505e-003	1.454541e-003
9.271021796576505e-003	9.862852e-004
9.285084296576505e-003	5.399290e-004
9.299146796576506e-003	1.201187e-004
9.313209296576506e-003	-2.692349e-004
9.327271796576506e-003	-6.249541e-004
9.341334296576506e-003	-9.445804e-004
9.355396796576506e-003	-1.226353e-003
9.369459296576507e-003	-1.469178e-003
9.383521796576507e-003	-1.672595e-003
9.397584296576507e-003	-1.836731e-003
9.411646796576507e-003	-1.962255e-003
9.425709296576507e-003	-2.050327e-003
9.439771796576508e-003	-2.102546e-003
9.453834296576508e-003	-2.120892e-003
9.467896796576508e-003	-2.107672e-003
9.481959296576508e-003	-2.065463e-003
9.496021796576508e-003	-1.997052e-003
9.510084296576508e-003	-1.905388e-003
9.524146796576509e-003	-1.793523e-003
9.538209296576509e-003	-1.664565e-003
9.552271796576509e-003	-1.521630e-003
9.566334296576509e-003	-1.367795e-003
9.580396796576509e-003	-1.206731e-003
9.583197254208437e-003	-1.173757e-003
9.585997711840363e-003	-1.140638e-003
9.588798169472291e-003	-1.107374e-003
9.591598627104217e-003	-1.073965e-003
9.594399084736145e-003	-1.040411e-003
9.597199542368071e-003	-1.006712e-003
9.599999999999999e-003	-9.728685e-004
9.600000999999999e-003	2.174213e-003
9.600003567222718e-003	2.142777e-003
9.600006134445439e-003	2.091610e-003
9.600008701668158e-003	2.020714e-003
9.600011268890877e-003	1.930087e-003
9.600013836113596e-003	1.819730e-003
9.600016403336317e-003	1.689642e-003
9.600018970559036e-003	1.539825e-003
9.600025637711134e-003	1.126023e-003
9.600034659881157e-003	5.168642e-004
9.600045625693074e-003	-2.157346e-004
9.600058747691351e-003	-9.968918e-004
9.600071191728000e-003	-1.575157e-003
9.600085470726553e-003	-2.009465e-003
9.600100619775504e-003	-2.226595e-003
9.600118064959343e-003	-2.233924e-003
9.600136729503160e-003	-2.061818e-003
9.600158104858704e-003	-1.762431e-003
9.600171119315677e-003	-1.568540e-003
9.600181082190136e-003	-1.431524e-003
9.600192294178080e-003	-1.299427e-003
9.600204303877985e-003	-1.184966e-003
9.600217119237461e-003	-1.093666e-003
9.600230606971162e-003	-1.029150e-003
9.600245418202444e-003	-9.893508e-004
9.600261859148359e-003	-9.733627e-004
9.600281068804534e-003	-9.783739e-004
9.600304576704371e-003	-9.999516e-004
9.600337992702211e-003	-1.032907e-003
9.600377166290494e-003	-1.057854e-003
9.600419269381584e-003	-1.066033e-003
9.600512777317190e-003	-1.052624e-003
9.600888438168413e-003	-9.835673e-004
9.601171655065162e-003	-9.032582e-004
9.601669865772376e-003	-6.995786e-004
9.602663615477880e-003	-5.222248e-005
9.604651114888885e-003	2.011492e-003
9.607329995862644e-003	6.161769e-003
9.610083589164769e-003	1.202064e-002
9.612597676690551e-003	1.883190e-002
9.615187475590602e-003	2.730053e-002
9.618178455861966e-003	3.881827e-002
9.622299235251160e-003	5.737811e-002
9.627900331390830e-003	8.675981e-002
9.635520253646354e-003	1.327429e-001
9.645935838728213e-003	2.026494e-001
9.659998338728213e-003	3.014884e-001
9.674060838728214e-003	3.967671e-001
9.688123338728214e-003	4.796496e-001
9.702185838728214e-003	5.426500e-001
9.716248338728214e-003	5.806407e-001
9.730310838728214e-003	5.908344e-001
9.744373338728215e-003	5.726299e-001
9.758435838728215e-003	5.273527e-001
9.772498338728215e-003	4.579217e-001
9.786560838728215e-003	3.684700e-001
9.800623338728215e-003	2.639508e-001
9.814685838728215e-003	1.497509e-001
9.828748338728216e-003	3.133438e-002
9.842810838728216e-003	-8.607009e-002
9.856873338728216e-003	-1.977248e-001
9.870935838728216e-003	-2.995771e-001
9.884998338728216e-003	-3.883905e-001
9.899060838728217e-003	-4.618127e-001
9.913123338728217e-003	-5.183883e-001
9.927185838728217e-003	-5.575226e-001
9.941248338728217e-003	-5.794048e-001
9.955310838728217e-003	-5.849024e-001
9.969373338728218e-003	-5.754344e-001
9.983435838728218e-003	-5.528360e-001
9.997498338728218e-003	-5.192202e-001
1.001156083872822e-002	-4.768464e-001
1.002562333872822e-002	-4.280009e-001
1.003968583872822e-002	-3.748934e-001
1.005374833872822e-002	-3.195732e-001
1.006781083872822e-002	-2.638661e-001
1.008187333872822e-002	-2.093317e-001
1.009593583872822e-002	-1.572412e-001
1.010999833872822e-002	-1.085714e-001
1.012406083872822e-002	-6.401578e-002
1.013812333872822e-002	-2.400554e-002
1.015218583872822e-002	1.125875e-002
1.016624833872822e-002	4.177073e-002
1.018031083872822e-002	6.767868e-002
1.019437333872822e-002	8.924581e-002
1.020843583872822e-002	1.068126e-001
1.022249833872822e-002	1.207627e-001
1.023656083872822e-002	1.314940e-001
1.025062333872822e-002	1.393947e-001
1.026468583872822e-002	1.448265e-001
1.027874833872822e-002	1.481120e-001
1.029281083872822e-002	1.495291e-001
1.030687333872822e-002	1.493088e-001
1.032093583872822e-002	1.476376e-001
1.033499833872822e-002	1.446629e-001
1.034906083872822e-002	1.405000e-001
1.036312333872822e-002	1.352405e-001
1.037718583872822e-002	1.289610e-001
1.039124833872822e-002	1.217315e-001
1.040531083872822e-002	1.136224e-001
1.041937333872822e-002	1.047109e-001
1.043343583872822e-002	9.508492e-002
1.044749833872822e-002	8.484615e-002
1.046156083872822e-002	7.411070e-002
1.047562333872822e-002	6.300866e-002
1.048968583872822e-002	5.168201e-002
1.050374833872823e-002	4.028163e-002
1.051781083872823e-002	2.896338e-002
1.053187333872823e-002	1.788377e-002
1.054593583872823e-002	7.195467e-003
1.055999833872823e-002	-2.957150e-003
1.057406083872823e-002	-1.244202e-002
1.058812333872823e-002	-2.114294e-002
1.060218583872823e-002	-2.896235e-002
1.061624833872823e-002	-3.582345e-002
1.063031083872823e-002	-4.167134e-002
1.064437333872823e-002	-4.647354e-002
1.065843583872823e-002	-5.021954e-002
1.067249833872823e-002	-5.291984e-002
1.068656083872823e-002	-5.460427e-002
1.070062333872823e-002	-5.531995e-002
1.071468583872823e-002	-5.512881e-002
1.072874833872823e-002	-5.410497e-002
1.074281083872823e-002	-5.233197e-002
1.075687333872823e-002	-4.990005e-002
1.077093583872823e-002	-4.690356e-002
1.078499833872823e-002	-4.343843e-002
1.079906083872823e-002	-3.960003e-002
1.081312333872823e-002	-3.548127e-002
1.082718583872823e-002	-3.117091e-002
1.084124833872823e-002	-2.675236e-002
1.085531083872823e-002	-2.230260e-002
1.086937333872823e-002	-1.789155e-002
1.088343583872823e-002	-1.358158e-002
1.089749833872823e-002	-9.427324e-003
1.091156083872823e-002	-5.475680e-003
1.092562333872823e-002	-1.765946e-003
1.093968583872823e-002	1.669899e-003
1.095374833872823e-002	4.806821e-003
1.096781083872823e-002	7.626297e-003
1.098187333872823e-002	1.011584e-002
1.099593583872823e-002	1.226852e-002
1.100999833872823e-002	1.408244e-002
1.102406083872823e-002	1.556026e-002
1.103812333872823e-002	1.670873e-002
1.105218583872823e-002	1.753824e-002
1.106624833872823e-002	1.806236e-002
1.108031083872823e-002	1.829744e-002
1.109437333872823e-002	1.826221e-002
1.110843583872823e-002	1.797742e-002
1.112249833872823e-002	1.746545e-002
1.113656083872823e-002	1.674994e-002
1.115062333872823e-002	1.585548e-002
1.116468583872823e-002	1.480725e-002
1.117874833872823e-002	1.363070e-002
1.119281083872823e-002	1.235121e-002
1.120687333872823e-002	1.099382e-002
1.122093583872823e-002	9.582897e-003
1.123499833872823e-002	8.141891e-003
1.124906083872823e-002	6.693074e-003
1.126312333872824e-002	5.257308e-003
1.127718583872824e-002	3.853848e-003
1.129124833872824e-002	2.500172e-003
1.130531083872824e-002	1.211843e-003
1.131937333872824e-002	2.413567e-006
1.133343583872824e-002	-1.116650e-003
1.134749833872824e-002	-2.135994e-003
1.136156083872824e-002	-3.048374e-003
1.137562333872824e-002	-3.848623e-003
1.138968583872824e-002	-4.533579e-003
1.140374833872824e-002	-5.101999e-003
1.141781083872824e-002	-5.554434e-003
1.143187333872824e-002	-5.893094e-003
1.144593583872824e-002	-6.121687e-003
1.145999833872824e-002	-6.245258e-003
1.147406083872824e-002	-6.270007e-003
1.148812333872824e-002	-6.203106e-003
1.150218583872824e-002	-6.052516e-003
1.151624833872824e-002	-5.826809e-003
1.153031083872824e-002	-5.534985e-003
1.154437333872824e-002	-5.186311e-003
1.155843583872824e-002	-4.790157e-003
1.157249833872824e-002	-4.355847e-003
1.158656083872824e-002	-3.892533e-003
1.160062333872824e-002	-3.409066e-003
1.161468583872824e-002	-2.913896e-003
1.162874833872824e-002	-2.414982e-003
1.164281083872824e-002	-1.919712e-003
1.165687333872824e-002	-1.434848e-003
1.167093583872824e-002	-9.664752e-004
1.168499833872824e-002	-5.199719e-004
1.169906083872824e-002	-9.998868e-005
1.171312333872824e-002	2.895595e-004
1.172718583872824e-002	6.454901e-004
1.174124833872824e-002	9.653405e-004
1.175531083872824e-002	1.247346e-003
1.176937333872824e-002	1.490409e-003
1.178343583872824e-002	1.694064e-003
1.179749833872824e-002	1.858436e-003
1.181156083872824e-002	1.984190e-003
1.182562333872824e-002	2.072484e-003
1.183968583872824e-002	2.124914e-003
1.185374833872824e-002	2.143458e-003
1.186781083872824e-002	2.130422e-003
1.188187333872824e-002	2.088379e-003
1.189593583872824e-002	2.020118e-003
1.190999833872824e-002	1.928585e-003
1.192406083872824e-002	1.816833e-003
1.193812333872824e-002	1.687969e-003
1.195218583872824e-002	1.545109e-003
1.196624833872824e-002	1.391331e-003
1.198031083872824e-002	1.230301e-003
1.198312371890992e-002	1.197184e-003
1.198593659909160e-002	1.163922e-003
1.198874947927328e-002	1.130514e-003
1.199156235945496e-002	1.096961e-003
1.199437523963664e-002	1.063261e-003
1.199718811981832e-002	1.029417e-003
1.200000100000000e-002	9.954261e-004
1.200000200000000e-002	-2.151646e-003
1.200000436702257e-002	-2.124365e-003
1.200000673404515e-002	-2.079755e-003
1.200000910106772e-002	-2.017817e-003
1.200001146809030e-002	-1.938552e-003
1.200001383511287e-002	-1.841958e-003
1.200001620213544e-002	-1.728037e-003
1.200001856915802e-002	-1.596787e-003
1.200002484432082e-002	-1.219299e-003
1.200003334132172e-002	-6.525488e-004
1.200004375824136e-002	5.036861e-005
1.200005717302571e-002	8.783962e-004
1.200006924690569e-002	1.477448e-003
1.200008353088988e-002	1.962722e-003
1.200009794271880e-002	2.217665e-003
1.200011544447988e-002	2.271566e-003
1.200013327998996e-002	2.136270e-003
1.200015628747654e-002	1.827296e-003
1.200017084954805e-002	1.610378e-003
1.200018055754670e-002	1.474073e-003
1.200019132408968e-002	1.343501e-003
1.200020334579620e-002	1.224141e-003
1.200021593920564e-002	1.129292e-003
1.200022938447390e-002	1.059942e-003
1.200024384751465e-002	1.016428e-003
1.200026005839288e-002	9.966646e-004
1.200027863588824e-002	9.985099e-004
1.200030135162127e-002	1.018017e-003
1.200033226228807e-002	1.049425e-003
1.200037106116263e-002	1.077513e-003
1.200040977605091e-002	1.088300e-003
1.200049899774431e-002	1.077825e-003
1.200083426405883e-002	1.018298e-003
1.200108056632798e-002	9.537904e-004
1.200154663957509e-002	7.774823e-004
1.200246829834158e-002	2.215600e-004
1.200431161587455e-002	-1.570741e-003
1.200692922879195e-002	-5.423463e-003
1.200972879821098e-002	-1.114314e-002
1.201221054042122e-002	-1.768507e-002
1.201498378194683e-002	-2.658165e-002
1.201789906899703e-002	-3.763856e-002
1.202191805329743e-002	-5.550787e-002
1.202732520199955e-002	-8.351348e-002
1.203476881469506e-002	-1.279311e-001
1.204484887041697e-002	-1.950978e-001
1.205891137041697e-002	-2.938259e-001
1.207297387041697e-002	-3.896894e-001
1.208703637041697e-002	-4.738318e-001
1.210109887041697e-002	-5.385879e-001
1.211516137041697e-002	-5.786463e-001
1.212922387041697e-002	-5.910422e-001
1.214328637041697e-002	-5.750132e-001
1.215734887041697e-002	-5.317469e-001
1.217141137041697e-002	-4.640520e-001
1.218547387041697e-002	-3.759816e-001
1.219953637041697e-002	-2.724396e-001
1.221359887041697e-002	-1.587925e-001
1.222766137041697e-002	-4.051025e-002
1.224172387041697e-002	7.715026e-002
1.225578637041697e-002	1.894054e-001
1.226984887041697e-002	2.921442e-001
1.228391137041698e-002	3.820634e-001
1.229797387041698e-002	4.567411e-001
1.231203637041698e-002	5.146534e-001
1.232609887041698e-002	5.551410e-001
1.234016137041698e-002	5.783360e-001
1.235422387041698e-002	5.850576e-001
1.236828637041698e-002	5.766870e-001
1.238234887041698e-002	5.550322e-001
1.239641137041698e-002	5.221894e-001
1.241047387041698e-002	4.804112e-001
1.242453637041698e-002	4.319858e-001
1.243859887041698e-002	3.791321e-001
1.245266137041698e-002	3.239143e-001
1.246672387041698e-002	2.681773e-001
1.248078637041698e-002	2.135026e-001
1.249484887041698e-002	1.611839e-001
1.250891137041698e-002	1.122208e-001
1.252297387041698e-002	6.732782e-002
1.253703637041698e-002	2.695565e-002
1.255109887041698e-002	-8.678595e-003
1.256516137041698e-002	-3.955492e-002
1.257922387041698e-002	-6.581107e-002
1.259328637041698e-002	-8.770276e-002
1.260734887041698e-002	-1.055658e-001
1.262141137041698e-002	-1.197815e-001
1.263547387041698e-002	-1.307476e-001
1.264953637041698e-002	-1.388540e-001
1.266359887041698e-002	-1.444646e-001
1.267766137041698e-002	-1.479057e-001
1.269172387041698e-002	-1.494584e-001
1.270578637041698e-002	-1.493575e-001
1.271984887041698e-002	-1.477928e-001
1.273391137041698e-002	-1.449144e-001
1.274797387041698e-002	-1.408398e-001
1.276203637041698e-002	-1.356623e-001
1.277609887041698e-002	-1.294591e-001
1.279016137041698e-002	-1.223006e-001
1.280422387041698e-002	-1.142570e-001
1.281828637041698e-002	-1.054046e-001
1.283234887041698e-002	-9.583051e-002
1.284641137041698e-002	-8.563522e-002
1.286047387041698e-002	-7.493375e-002
1.287453637041698e-002	-6.385516e-002
1.288859887041698e-002	-5.254061e-002
1.290266137041698e-002	-4.114041e-002
1.291672387041698e-002	-2.981019e-002
1.293078637041698e-002	-1.870659e-002
1.294484887041698e-002	-7.982706e-003
1.295891137041698e-002	2.216273e-003
1.297297387041698e-002	1.175721e-002
1.298703637041698e-002	2.052254e-002
1.300109887041698e-002	2.841321e-002
1.301516137041698e-002	3.535073e-002
1.302922387041699e-002	4.127850e-002
1.304328637041699e-002	4.616228e-002
1.305734887041699e-002	4.998992e-002
1.307141137041699e-002	5.277032e-002
1.308547387041699e-002	5.453190e-002
1.309953637041699e-002	5.532052e-002
1.311359887041699e-002	5.519705e-002
1.312766137041699e-002	5.423476e-002
1.314172387041699e-002	5.251658e-002
1.315578637041699e-002	5.013232e-002
1.316984887041699e-002	4.717609e-002
1.318391137041699e-002	4.374379e-002
1.319797387041699e-002	3.993091e-002
1.321203637041699e-002	3.583059e-002
1.322609887041699e-002	3.153200e-002
1.324016137041699e-002	2.711897e-002
1.325422387041699e-002	2.266902e-002
1.326828637041699e-002	1.825264e-002
1.328234887041699e-002	1.393279e-002
1.329641137041699e-002	9.764699e-003
1.331047387041699e-002	5.795870e-003
1.332453637041699e-002	2.066174e-003
1.333859887041699e-002	-1.391852e-003
1.335266137041699e-002	-4.552653e-003
1.336672387041699e-002	-7.397218e-003
1.338078637041699e-002	-9.912615e-003
1.339484887041699e-002	-1.209149e-002
1.340891137041699e-002	-1.393158e-002
1.342297387041699e-002	-1.543522e-002
1.343703637041699e-002	-1.660886e-002
1.345109887041699e-002	-1.746260e-002
1.346516137041699e-002	-1.800980e-002
1.347922387041699e-002	-1.826660e-002
1.349328637041699e-002	-1.825158e-002
1.350734887041699e-002	-1.798532e-002
1.352141137041699e-002	-1.749009e-002
1.353547387041699e-002	-1.678946e-002
1.354953637041699e-002	-1.590796e-002
1.356359887041699e-002	-1.487072e-002
1.357766137041699e-002	-1.370319e-002
1.359172387041699e-002	-1.243076e-002
1.360578637041699e-002	-1.107852e-002
1.361984887041699e-002	-9.670882e-003
1.363391137041699e-002	-8.231390e-003
1.364797387041699e-002	-6.782412e-003
1.366203637041699e-002	-5.344924e-003
1.367609887041699e-002	-3.938314e-003
1.369016137041699e-002	-2.580201e-003
1.370422387041699e-002	-1.286304e-003
1.371828637041699e-002	-7.033040e-005
1.373234887041699e-002	1.056089e-003
1.374641137041699e-002	2.083437e-003
1.376047387041699e-002	3.004307e-003
1.377453637041699e-002	3.813372e-003
1.378859887041700e-002	4.507320e-003
1.380266137041700e-002	5.084761e-003
1.381672387041700e-002	5.546114e-003
1.383078637041700e-002	5.893464e-003
1.384484887041700e-002	6.130411e-003
1.385891137041700e-002	6.261902e-003
1.387297387041700e-002	6.294053e-003
1.388703637041700e-002	6.233968e-003
1.390109887041700e-002	6.089554e-003
1.391516137041700e-002	5.869342e-003
1.392922387041700e-002	5.582306e-003
1.394328637041700e-002	5.237697e-003
1.395734887041700e-002	4.844881e-003
1.397141137041700e-002	4.413194e-003
1.398547387041700e-002	3.951802e-003
1.399953637041700e-002	3.469587e-003
1.401359887041700e-002	2.975031e-003
1.402766137041700e-002	2.476134e-003
1.404172387041700e-002	1.980331e-003
1.405578637041700e-002	1.494435e-003
1.406984887041700e-002	1.024583e-003
1.408391137041700e-002	5.762115e-004
1.409797387041700e-002	1.540261e-004
1.411203637041700e-002	-2.380009e-004
1.412609887041700e-002	-5.966306e-004
1.414016137041700e-002	-9.193454e-004
1.415422387041700e-002	-1.204327e-003
1.416828637041700e-002	-1.450429e-003
1.418234887041700e-002	-1.657136e-003
1.419641137041700e-002	-1.824531e-003
1.421047387041700e-002	-1.953238e-003
1.422453637041700e-002	-2.044380e-003
1.423859887041700e-002	-2.099519e-003
1.425266137041700e-002	-2.120607e-003
1.426672387041700e-002	-2.109925e-003
1.428078637041700e-002	-2.070030e-003
1.429484887041700e-002	-2.003694e-003
1.430891137041700e-002	-1.913854e-003
1.432297387041700e-002	-1.803556e-003
1.433703637041700e-002	-1.675904e-003
1.435109887041700e-002	-1.534016e-003
1.436516137041700e-002	-1.380974e-003
1.437922387041700e-002	-1.220380e-003
1.438219160321227e-002	-1.185564e-003
1.438515933600753e-002	-1.150568e-003
1.438812706880279e-002	-1.115392e-003
1.439109480159806e-002	-1.080035e-003
1.439406253439332e-002	-1.044499e-003
1.439703026718859e-002	-1.008782e-003
1.439999799998385e-002	-9.728855e-004
1.439999899998385e-002	-9.728734e-004
1.440000000000000e-002	-9.728614e-004
